    0.20000000E-05    0.31406746E-07    0.52415225E-12    0.50017611E-04
    0.40000000E-05    0.31650373E-07    0.52984874E-12    0.50198156E-04
    0.60000000E-05    0.31912096E-07    0.53552216E-12    0.50376688E-04
    0.80000000E-05    0.32193112E-07    0.54117336E-12    0.50553272E-04
    0.10000000E-04    0.32453445E-07    0.54680672E-12    0.50728078E-04
    0.12000000E-04    0.32712450E-07    0.55240298E-12    0.50900549E-04
    0.14000000E-04    0.32971984E-07    0.55795927E-12    0.51070639E-04
    0.16000000E-04    0.33206835E-07    0.56347433E-12    0.51238355E-04
    0.18000000E-04    0.33421232E-07    0.56894867E-12    0.51403753E-04
    0.20000000E-04    0.33673970E-07    0.57438763E-12    0.51567035E-04
    0.22000000E-04    0.33886672E-07    0.57980667E-12    0.51728696E-04
    0.24000000E-04    0.34072432E-07    0.58521272E-12    0.51888970E-04
    0.26000000E-04    0.34313250E-07    0.59060792E-12    0.52047941E-04
    0.28000000E-04    0.34534792E-07    0.59601362E-12    0.52206253E-04
    0.30000000E-04    0.34757258E-07    0.60142687E-12    0.52363830E-04
    0.32000000E-04    0.34945601E-07    0.60685011E-12    0.52520753E-04
    0.34000000E-04    0.35200754E-07    0.61228084E-12    0.52676958E-04
    0.36000000E-04    0.35435317E-07    0.61772582E-12    0.52832649E-04
    0.38000000E-04    0.35653725E-07    0.62317853E-12    0.52987646E-04
    0.40000000E-04    0.35918803E-07    0.62863810E-12    0.53141935E-04
    0.42000000E-04    0.36137805E-07    0.63410414E-12    0.53295515E-04
    0.44000000E-04    0.36347999E-07    0.63957344E-12    0.53448305E-04
    0.46000000E-04    0.36568637E-07    0.64504163E-12    0.53600196E-04
    0.48000000E-04    0.36817823E-07    0.65051599E-12    0.53751401E-04
    0.50000000E-04    0.37072222E-07    0.65600061E-12    0.53902041E-04
    0.52000000E-04    0.37331674E-07    0.66149409E-12    0.54052085E-04
    0.54000000E-04    0.37572730E-07    0.66700008E-12    0.54201640E-04
    0.56000000E-04    0.37803814E-07    0.67252153E-12    0.54350790E-04
    0.58000000E-04    0.38011669E-07    0.67805477E-12    0.54499442E-04
    0.60000000E-04    0.38270682E-07    0.68359430E-12    0.54647455E-04
    0.62000000E-04    0.38484580E-07    0.68915043E-12    0.54795110E-04
    0.64000000E-04    0.38682272E-07    0.69471673E-12    0.54942243E-04
    0.66000000E-04    0.38894127E-07    0.70028968E-12    0.55088765E-04
    0.68000000E-04    0.39119581E-07    0.70587837E-12    0.55234923E-04
    0.70000000E-04    0.39357590E-07    0.71147710E-12    0.55380572E-04
    0.72000000E-04    0.39580540E-07    0.71708940E-12    0.55525809E-04
    0.74000000E-04    0.39831017E-07    0.72271768E-12    0.55670701E-04
    0.76000000E-04    0.40059259E-07    0.72835724E-12    0.55815131E-04
    0.78000000E-04    0.40280312E-07    0.73400916E-12    0.55959130E-04
    0.80000000E-04    0.40505459E-07    0.73966975E-12    0.56102612E-04
    0.82000000E-04    0.40749755E-07    0.74534265E-12    0.56245674E-04
    0.84000000E-04    0.40974919E-07    0.75103695E-12    0.56388546E-04
    0.86000000E-04    0.41206821E-07    0.75673953E-12    0.56530905E-04
    0.88000000E-04    0.41455649E-07    0.76245880E-12    0.56672964E-04
    0.90000000E-04    0.41691108E-07    0.76819316E-12    0.56814686E-04
    0.92000000E-04    0.41932768E-07    0.77394057E-12    0.56956025E-04
    0.94000000E-04    0.42148071E-07    0.77970468E-12    0.57097073E-04
    0.96000000E-04    0.42378070E-07    0.78547798E-12    0.57237651E-04
    0.98000000E-04    0.42626119E-07    0.79126578E-12    0.57377892E-04
    0.10000000E-03    0.42865895E-07    0.79707089E-12    0.57517868E-04
    0.10200000E-03    0.43065870E-07    0.80289309E-12    0.57657575E-04
    0.10400000E-03    0.43296085E-07    0.80873007E-12    0.57796960E-04
    0.10600000E-03    0.43526230E-07    0.81458303E-12    0.57936054E-04
    0.10800000E-03    0.43792155E-07    0.82044976E-12    0.58074810E-04
    0.11000000E-03    0.44023777E-07    0.82633682E-12    0.58213382E-04
    0.11200000E-03    0.44255520E-07    0.83223850E-12    0.58351640E-04
    0.11400000E-03    0.44485715E-07    0.83815732E-12    0.58489644E-04
    0.11600000E-03    0.44707250E-07    0.84409191E-12    0.58627365E-04
    0.11800000E-03    0.44918940E-07    0.85004303E-12    0.58764823E-04
    0.12000000E-03    0.45174997E-07    0.85600479E-12    0.58901885E-04
    0.12200000E-03    0.45406456E-07    0.86198243E-12    0.59038675E-04
    0.12400000E-03    0.45620261E-07    0.86797792E-12    0.59175239E-04
    0.12600000E-03    0.45862829E-07    0.87398935E-12    0.59311537E-04
    0.12800000E-03    0.46105252E-07    0.88001905E-12    0.59447622E-04
    0.13000000E-03    0.46301883E-07    0.88606604E-12    0.59583475E-04
    0.13200000E-03    0.46530392E-07    0.89212427E-12    0.59718962E-04
    0.13400000E-03    0.46785907E-07    0.89819829E-12    0.59854187E-04
    0.13600000E-03    0.47000872E-07    0.90428779E-12    0.59989147E-04
    0.13800000E-03    0.47264568E-07    0.91039051E-12    0.60123793E-04
    0.14000000E-03    0.47515956E-07    0.91651393E-12    0.60258292E-04
    0.14200000E-03    0.47736624E-07    0.92265001E-12    0.60392470E-04
    0.14400000E-03    0.47952526E-07    0.92880536E-12    0.60526473E-04
    0.14600000E-03    0.48155448E-07    0.93497092E-12    0.60660106E-04
    0.14800000E-03    0.48389165E-07    0.94114743E-12    0.60793388E-04
    0.15000000E-03    0.48661723E-07    0.94733756E-12    0.60926381E-04
    0.15200000E-03    0.48903281E-07    0.95354944E-12    0.61059260E-04
    0.15400000E-03    0.49102119E-07    0.95978338E-12    0.61192032E-04
    0.15600000E-03    0.49343699E-07    0.96603460E-12    0.61324595E-04
    0.15800000E-03    0.49607404E-07    0.97230408E-12    0.61456973E-04
    0.16000000E-03    0.49842523E-07    0.97859356E-12    0.61589203E-04
    0.16200000E-03    0.50036294E-07    0.98489872E-12    0.61721194E-04
    0.16400000E-03    0.50277974E-07    0.99121415E-12    0.61852837E-04
    0.16600000E-03    0.50495876E-07    0.99754808E-12    0.61984306E-04
    0.16800000E-03    0.50738554E-07    0.10038924E-11    0.62115434E-04
    0.17000000E-03    0.50998681E-07    0.10102543E-11    0.62246371E-04
    0.17200000E-03    0.51233117E-07    0.10166365E-11    0.62377174E-04
    0.17400000E-03    0.51442899E-07    0.10230342E-11    0.62507748E-04
    0.17600000E-03    0.51724612E-07    0.10294459E-11    0.62638062E-04
    0.17800000E-03    0.51917463E-07    0.10358763E-11    0.62768213E-04
    0.18000000E-03    0.52122518E-07    0.10423189E-11    0.62898071E-04
    0.18200000E-03    0.52363254E-07    0.10487742E-11    0.63027652E-04
    0.18400000E-03    0.52672552E-07    0.10552481E-11    0.63157073E-04
    0.18600000E-03    0.52892881E-07    0.10617453E-11    0.63286428E-04
    0.18800000E-03    0.53088191E-07    0.10682617E-11    0.63415635E-04
    0.19000000E-03    0.53340560E-07    0.10747873E-11    0.63544502E-04
    0.19200000E-03    0.53619420E-07    0.10813275E-11    0.63673133E-04
    0.19400000E-03    0.53829332E-07    0.10878902E-11    0.63801686E-04
    0.19600000E-03    0.54030959E-07    0.10944620E-11    0.63929901E-04
    0.19800000E-03    0.54308042E-07    0.11010484E-11    0.64057886E-04
    0.20000000E-03    0.54570513E-07    0.11076525E-11    0.64185703E-04
    0.20200000E-03    0.54797198E-07    0.11142704E-11    0.64313280E-04
    0.20400000E-03    0.54996443E-07    0.11209030E-11    0.64440635E-04
    0.20600000E-03    0.55280412E-07    0.11275540E-11    0.64567838E-04
    0.20800000E-03    0.55524334E-07    0.11342284E-11    0.64694987E-04
    0.21000000E-03    0.55722276E-07    0.11409195E-11    0.64821956E-04
    0.21200000E-03    0.56008689E-07    0.11476225E-11    0.64948653E-04
    0.21400000E-03    0.56210723E-07    0.11543481E-11    0.65075283E-04
    0.21600000E-03    0.56470735E-07    0.11610882E-11    0.65201692E-04
    0.21800000E-03    0.56712311E-07    0.11678445E-11    0.65327917E-04
    0.22000000E-03    0.56927156E-07    0.11746170E-11    0.65453954E-04
    0.22200000E-03    0.57171570E-07    0.11814047E-11    0.65579790E-04
    0.22400000E-03    0.57397056E-07    0.11882066E-11    0.65705408E-04
    0.22600000E-03    0.57630270E-07    0.11950239E-11    0.65830829E-04
    0.22800000E-03    0.57858561E-07    0.12018557E-11    0.65956039E-04
    0.23000000E-03    0.58117198E-07    0.12087037E-11    0.66081073E-04
    0.23200000E-03    0.58372934E-07    0.12155705E-11    0.66205975E-04
    0.23400000E-03    0.58617628E-07    0.12224514E-11    0.66330662E-04
    0.23600000E-03    0.58835540E-07    0.12293511E-11    0.66455221E-04
    0.23800000E-03    0.59082896E-07    0.12362676E-11    0.66579617E-04
    0.24000000E-03    0.59301341E-07    0.12432017E-11    0.66703865E-04
    0.24200000E-03    0.59589284E-07    0.12501546E-11    0.66827986E-04
    0.24400000E-03    0.59784700E-07    0.12571284E-11    0.66952019E-04
    0.24600000E-03    0.60031041E-07    0.12641186E-11    0.67075883E-04
    0.24800000E-03    0.60275794E-07    0.12711294E-11    0.67199657E-04
    0.25000000E-03    0.60571288E-07    0.12781591E-11    0.67323305E-04
    0.25200000E-03    0.60774135E-07    0.12852088E-11    0.67446853E-04
    0.25400000E-03    0.61055903E-07    0.12922721E-11    0.67570187E-04
    0.25600000E-03    0.61267683E-07    0.12993586E-11    0.67693475E-04
    0.25800000E-03    0.61481118E-07    0.13064600E-11    0.67816573E-04
    0.26000000E-03    0.61718216E-07    0.13135737E-11    0.67939438E-04
    0.26200000E-03    0.61947786E-07    0.13207019E-11    0.68062109E-04
    0.26400000E-03    0.62204966E-07    0.13278425E-11    0.68184550E-04
    0.26600000E-03    0.62464291E-07    0.13349948E-11    0.68306754E-04
    0.26800000E-03    0.62700907E-07    0.13421660E-11    0.68428845E-04
    0.27000000E-03    0.62955511E-07    0.13493472E-11    0.68550669E-04
    0.27200000E-03    0.63220604E-07    0.13565430E-11    0.68672309E-04
    0.27400000E-03    0.63434978E-07    0.13637560E-11    0.68793808E-04
    0.27600000E-03    0.63688816E-07    0.13709819E-11    0.68915097E-04
    0.27800000E-03    0.63921455E-07    0.13782257E-11    0.69036258E-04
    0.28000000E-03    0.64120025E-07    0.13854837E-11    0.69157233E-04
    0.28200000E-03    0.64423459E-07    0.13927617E-11    0.69278115E-04
    0.28400000E-03    0.64658487E-07    0.14000663E-11    0.69399019E-04
    0.28600000E-03    0.64885995E-07    0.14073871E-11    0.69519769E-04
    0.28800000E-03    0.65119484E-07    0.14147238E-11    0.69640362E-04
    0.29000000E-03    0.65372769E-07    0.14220783E-11    0.69760828E-04
    0.29200000E-03    0.65646119E-07    0.14294475E-11    0.69881122E-04
    0.29400000E-03    0.65835214E-07    0.14368361E-11    0.70001316E-04
    0.29600000E-03    0.66119307E-07    0.14442322E-11    0.70121221E-04
    0.29800000E-03    0.66366449E-07    0.14516439E-11    0.70240968E-04
    0.30000000E-03    0.66585640E-07    0.14590692E-11    0.70360528E-04
    0.30200000E-03    0.66809460E-07    0.14665100E-11    0.70479931E-04
    0.30400000E-03    0.67081092E-07    0.14739620E-11    0.70599110E-04
    0.30600000E-03    0.67365122E-07    0.14814299E-11    0.70718141E-04
    0.30800000E-03    0.67591308E-07    0.14889169E-11    0.70837075E-04
    0.31000000E-03    0.67802136E-07    0.14964153E-11    0.70955790E-04
    0.31200000E-03    0.68092343E-07    0.15039306E-11    0.71074378E-04
    0.31400000E-03    0.68319867E-07    0.15114684E-11    0.71192922E-04
    0.31600000E-03    0.68556547E-07    0.15190244E-11    0.71311360E-04
    0.31800000E-03    0.68804441E-07    0.15265995E-11    0.71429702E-04
    0.32000000E-03    0.69034679E-07    0.15341927E-11    0.71547934E-04
    0.32200000E-03    0.69275830E-07    0.15418041E-11    0.71666061E-04
    0.32400000E-03    0.69529447E-07    0.15494327E-11    0.71784062E-04
    0.32600000E-03    0.69801180E-07    0.15570810E-11    0.71901982E-04
    0.32800000E-03    0.70071951E-07    0.15647470E-11    0.72019787E-04
    0.33000000E-03    0.70253632E-07    0.15724265E-11    0.72137417E-04
    0.33200000E-03    0.70512883E-07    0.15801195E-11    0.72254867E-04
    0.33400000E-03    0.70750499E-07    0.15878325E-11    0.72372242E-04
    0.33600000E-03    0.70994088E-07    0.15955609E-11    0.72489470E-04
    0.33800000E-03    0.71289040E-07    0.16033047E-11    0.72606553E-04
    0.34000000E-03    0.71524819E-07    0.16110653E-11    0.72723511E-04
    0.34200000E-03    0.71802091E-07    0.16188424E-11    0.72840344E-04
    0.34400000E-03    0.72013821E-07    0.16266376E-11    0.72957072E-04
    0.34600000E-03    0.72285426E-07    0.16344439E-11    0.73073595E-04
    0.34800000E-03    0.72535731E-07    0.16422705E-11    0.73190048E-04
    0.35000000E-03    0.72763925E-07    0.16501154E-11    0.73306402E-04
    0.35200000E-03    0.73014402E-07    0.16579725E-11    0.73422569E-04
    0.35400000E-03    0.73228660E-07    0.16658459E-11    0.73538608E-04
    0.35600000E-03    0.73449840E-07    0.16737304E-11    0.73654445E-04
    0.35800000E-03    0.73771166E-07    0.16816273E-11    0.73770101E-04
    0.36000000E-03    0.74023103E-07    0.16895463E-11    0.73885717E-04
    0.36200000E-03    0.74292682E-07    0.16974822E-11    0.74001218E-04
    0.36400000E-03    0.74520208E-07    0.17054382E-11    0.74116652E-04
    0.36600000E-03    0.74737602E-07    0.17134138E-11    0.74232010E-04
    0.36800000E-03    0.74986902E-07    0.17213971E-11    0.74347120E-04
    0.37000000E-03    0.75246759E-07    0.17294008E-11    0.74462168E-04
    0.37200000E-03    0.75483642E-07    0.17374246E-11    0.74577151E-04
    0.37400000E-03    0.75726903E-07    0.17454690E-11    0.74692072E-04
    0.37600000E-03    0.75972021E-07    0.17535247E-11    0.74806802E-04
    0.37800000E-03    0.76198011E-07    0.17615967E-11    0.74921413E-04
    0.38000000E-03    0.76493770E-07    0.17696775E-11    0.75035798E-04
    0.38200000E-03    0.76758653E-07    0.17777810E-11    0.75150156E-04
    0.38400000E-03    0.76978019E-07    0.17859051E-11    0.75264455E-04
    0.38600000E-03    0.77256078E-07    0.17940387E-11    0.75378542E-04
    0.38800000E-03    0.77519511E-07    0.18021903E-11    0.75492535E-04
    0.39000000E-03    0.77770516E-07    0.18103609E-11    0.75606451E-04
    0.39200000E-03    0.78034461E-07    0.18185425E-11    0.75720176E-04
    0.39400000E-03    0.78292640E-07    0.18267454E-11    0.75833855E-04
    0.39600000E-03    0.78535285E-07    0.18349650E-11    0.75947426E-04
    0.39800000E-03    0.78780631E-07    0.18432020E-11    0.76060896E-04
    0.40000000E-03    0.78992708E-07    0.18514554E-11    0.76174255E-04
    0.40200000E-03    0.79263787E-07    0.18597232E-11    0.76287474E-04
    0.40400000E-03    0.79476454E-07    0.18680109E-11    0.76400628E-04
    0.40600000E-03    0.79750194E-07    0.18763148E-11    0.76513669E-04
    0.40800000E-03    0.80027504E-07    0.18846379E-11    0.76626638E-04
    0.41000000E-03    0.80266839E-07    0.18929837E-11    0.76739581E-04
    0.41200000E-03    0.80496815E-07    0.19013440E-11    0.76852388E-04
    0.41400000E-03    0.80766679E-07    0.19097158E-11    0.76965018E-04
    0.41600000E-03    0.81003261E-07    0.19181087E-11    0.77077604E-04
    0.41800000E-03    0.81284404E-07    0.19265085E-11    0.77189952E-04
    0.42000000E-03    0.81541763E-07    0.19349214E-11    0.77302149E-04
    0.42200000E-03    0.81804774E-07    0.19433530E-11    0.77414271E-04
    0.42400000E-03    0.82055569E-07    0.19517982E-11    0.77526249E-04
    0.42600000E-03    0.82287878E-07    0.19602576E-11    0.77638090E-04
    0.42800000E-03    0.82527442E-07    0.19687337E-11    0.77749832E-04
    0.43000000E-03    0.82825225E-07    0.19772298E-11    0.77861514E-04
    0.43200000E-03    0.83101198E-07    0.19857467E-11    0.77973150E-04
    0.43400000E-03    0.83381011E-07    0.19942856E-11    0.78084755E-04
    0.43600000E-03    0.83646272E-07    0.20028417E-11    0.78196264E-04
    0.43800000E-03    0.83846257E-07    0.20114135E-11    0.78307661E-04
    0.44000000E-03    0.84127577E-07    0.20200013E-11    0.78418948E-04
    0.44200000E-03    0.84397116E-07    0.20286093E-11    0.78530181E-04
    0.44400000E-03    0.84638895E-07    0.20372282E-11    0.78641240E-04
    0.44600000E-03    0.84899459E-07    0.20458654E-11    0.78752223E-04
    0.44800000E-03    0.85162208E-07    0.20545141E-11    0.78863039E-04
    0.45000000E-03    0.85399689E-07    0.20631743E-11    0.78973692E-04
    0.45200000E-03    0.85666195E-07    0.20718433E-11    0.79084146E-04
    0.45400000E-03    0.85945167E-07    0.20805368E-11    0.79194605E-04
    0.45600000E-03    0.86191915E-07    0.20892501E-11    0.79305007E-04
    0.45800000E-03    0.86416949E-07    0.20979715E-11    0.79415204E-04
    0.46000000E-03    0.86694299E-07    0.21066985E-11    0.79525168E-04
    0.46200000E-03    0.86952072E-07    0.21154417E-11    0.79635030E-04
    0.46400000E-03    0.87209939E-07    0.21242034E-11    0.79744822E-04
    0.46600000E-03    0.87428741E-07    0.21329871E-11    0.79854588E-04
    0.46800000E-03    0.87725647E-07    0.21417838E-11    0.79964214E-04
    0.47000000E-03    0.87925192E-07    0.21505990E-11    0.80073770E-04
    0.47200000E-03    0.88239451E-07    0.21594232E-11    0.80183138E-04
    0.47400000E-03    0.88494090E-07    0.21682674E-11    0.80292456E-04
    0.47600000E-03    0.88783387E-07    0.21771274E-11    0.80401671E-04
    0.47800000E-03    0.88989207E-07    0.21860121E-11    0.80510895E-04
    0.48000000E-03    0.89233250E-07    0.21949093E-11    0.80619974E-04
    0.48200000E-03    0.89514797E-07    0.22038207E-11    0.80728934E-04
    0.48400000E-03    0.89793301E-07    0.22127507E-11    0.80837826E-04
    0.48600000E-03    0.90047229E-07    0.22217015E-11    0.80946679E-04
    0.48800000E-03    0.90267863E-07    0.22306669E-11    0.81055416E-04
    0.49000000E-03    0.90485565E-07    0.22396393E-11    0.81163946E-04
    0.49200000E-03    0.90774578E-07    0.22486210E-11    0.81272300E-04
    0.49400000E-03    0.91034418E-07    0.22576215E-11    0.81380591E-04
    0.49600000E-03    0.91325478E-07    0.22666360E-11    0.81488763E-04
    0.49800000E-03    0.91631115E-07    0.22756661E-11    0.81596834E-04
    0.50000000E-03    0.91850188E-07    0.22847171E-11    0.81704870E-04
    0.50200000E-03    0.92096815E-07    0.22937799E-11    0.81812760E-04
    0.50400000E-03    0.92311089E-07    0.23028546E-11    0.81920507E-04
    0.50600000E-03    0.92593941E-07    0.23119386E-11    0.82028083E-04
    0.50800000E-03    0.92888959E-07    0.23210425E-11    0.82135611E-04
    0.51000000E-03    0.93166070E-07    0.23301646E-11    0.82243073E-04
    0.51200000E-03    0.93431440E-07    0.23392992E-11    0.82350402E-04
    0.51400000E-03    0.93674165E-07    0.23484507E-11    0.82457649E-04
    0.51600000E-03    0.93912248E-07    0.23576175E-11    0.82564796E-04
    0.51800000E-03    0.94215880E-07    0.23667971E-11    0.82671816E-04
    0.52000000E-03    0.94487073E-07    0.23760035E-11    0.82778869E-04
    0.52200000E-03    0.94742531E-07    0.23852312E-11    0.82885894E-04
    0.52400000E-03    0.94982263E-07    0.23944753E-11    0.82992832E-04
    0.52600000E-03    0.95240595E-07    0.24037385E-11    0.83099715E-04
    0.52800000E-03    0.95518223E-07    0.24130223E-11    0.83206562E-04
    0.53000000E-03    0.95772112E-07    0.24223258E-11    0.83313359E-04
    0.53200000E-03    0.96061125E-07    0.24316375E-11    0.83419978E-04
    0.53400000E-03    0.96321274E-07    0.24409658E-11    0.83526515E-04
    0.53600000E-03    0.96579963E-07    0.24503074E-11    0.83632932E-04
    0.53800000E-03    0.96859702E-07    0.24596585E-11    0.83739186E-04
    0.54000000E-03    0.97118513E-07    0.24690306E-11    0.83845409E-04
    0.54200000E-03    0.97403071E-07    0.24784151E-11    0.83951503E-04
    0.54400000E-03    0.97653933E-07    0.24878161E-11    0.84057516E-04
    0.54600000E-03    0.97885115E-07    0.24972269E-11    0.84163372E-04
    0.54800000E-03    0.98195200E-07    0.25066469E-11    0.84269067E-04
    0.55000000E-03    0.98432513E-07    0.25160910E-11    0.84374766E-04
    0.55200000E-03    0.98660250E-07    0.25255470E-11    0.84480333E-04
    0.55400000E-03    0.98915642E-07    0.25350169E-11    0.84585791E-04
    0.55600000E-03    0.99168481E-07    0.25444961E-11    0.84691091E-04
    0.55800000E-03    0.99474653E-07    0.25539907E-11    0.84796300E-04
    0.56000000E-03    0.99754780E-07    0.25634990E-11    0.84901399E-04
    0.56200000E-03    0.10005224E-06    0.25730251E-11    0.85006436E-04
    0.56400000E-03    0.10033039E-06    0.25825744E-11    0.85111467E-04
    0.56600000E-03    0.10057060E-06    0.25921431E-11    0.85216453E-04
    0.56800000E-03    0.10082673E-06    0.26017302E-11    0.85321382E-04
    0.57000000E-03    0.10112630E-06    0.26113408E-11    0.85426310E-04
    0.57200000E-03    0.10137604E-06    0.26209715E-11    0.85531199E-04
    0.57400000E-03    0.10158631E-06    0.26306151E-11    0.85635973E-04
    0.57600000E-03    0.10191221E-06    0.26402687E-11    0.85740597E-04
    0.57800000E-03    0.10215394E-06    0.26499473E-11    0.85845238E-04
    0.58000000E-03    0.10242162E-06    0.26596324E-11    0.85949694E-04
    0.58200000E-03    0.10271195E-06    0.26693269E-11    0.86053998E-04
    0.58400000E-03    0.10296774E-06    0.26790302E-11    0.86158144E-04
    0.58600000E-03    0.10315898E-06    0.26887509E-11    0.86262225E-04
    0.58800000E-03    0.10347254E-06    0.26984783E-11    0.86366126E-04
    0.59000000E-03    0.10372863E-06    0.27082257E-11    0.86469991E-04
    0.59200000E-03    0.10399149E-06    0.27179893E-11    0.86573780E-04
    0.59400000E-03    0.10428505E-06    0.27277679E-11    0.86677478E-04
    0.59600000E-03    0.10457876E-06    0.27375557E-11    0.86781027E-04
    0.59800000E-03    0.10482768E-06    0.27473587E-11    0.86884489E-04
    0.60000000E-03    0.10510653E-06    0.27571834E-11    0.86987934E-04
    0.60200000E-03    0.10533633E-06    0.27670259E-11    0.87091319E-04
    0.60400000E-03    0.10564702E-06    0.27768796E-11    0.87194578E-04
    0.60600000E-03    0.10593803E-06    0.27867467E-11    0.87297732E-04
    0.60800000E-03    0.10624376E-06    0.27966384E-11    0.87400900E-04
    0.61000000E-03    0.10647778E-06    0.28065513E-11    0.87504044E-04
    0.61200000E-03    0.10674850E-06    0.28164790E-11    0.87607100E-04
    0.61400000E-03    0.10697703E-06    0.28264183E-11    0.87710034E-04
    0.61600000E-03    0.10730581E-06    0.28363669E-11    0.87812822E-04
    0.61800000E-03    0.10757365E-06    0.28463379E-11    0.87915601E-04
    0.62000000E-03    0.10779630E-06    0.28563211E-11    0.88018265E-04
    0.62200000E-03    0.10809164E-06    0.28663028E-11    0.88120676E-04
    0.62400000E-03    0.10840251E-06    0.28763057E-11    0.88223066E-04
    0.62600000E-03    0.10866140E-06    0.28863276E-11    0.88325411E-04
    0.62800000E-03    0.10892548E-06    0.28963663E-11    0.88427692E-04
    0.63000000E-03    0.10918141E-06    0.29064149E-11    0.88529838E-04
    0.63200000E-03    0.10942861E-06    0.29164829E-11    0.88631944E-04
    0.63400000E-03    0.10970158E-06    0.29265618E-11    0.88733926E-04
    0.63600000E-03    0.10997296E-06    0.29366579E-11    0.88835847E-04
    0.63800000E-03    0.11024949E-06    0.29467692E-11    0.88937688E-04
    0.64000000E-03    0.11051636E-06    0.29568947E-11    0.89039439E-04
    0.64200000E-03    0.11082014E-06    0.29670426E-11    0.89141183E-04
    0.64400000E-03    0.11110772E-06    0.29772031E-11    0.89242820E-04
    0.64600000E-03    0.11132482E-06    0.29873839E-11    0.89344429E-04
    0.64800000E-03    0.11166902E-06    0.29975833E-11    0.89445992E-04
    0.65000000E-03    0.11188687E-06    0.30078005E-11    0.89547502E-04
    0.65200000E-03    0.11214161E-06    0.30180246E-11    0.89648850E-04
    0.65400000E-03    0.11241644E-06    0.30282574E-11    0.89750055E-04
    0.65600000E-03    0.11272627E-06    0.30385053E-11    0.89851182E-04
    0.65800000E-03    0.11299959E-06    0.30487706E-11    0.89952253E-04
    0.66000000E-03    0.11327076E-06    0.30590471E-11    0.90053207E-04
    0.66200000E-03    0.11354263E-06    0.30693404E-11    0.90154100E-04
    0.66400000E-03    0.11380247E-06    0.30796460E-11    0.90254887E-04
    0.66600000E-03    0.11408452E-06    0.30899647E-11    0.90355578E-04
    0.66800000E-03    0.11436685E-06    0.31002990E-11    0.90456196E-04
    0.67000000E-03    0.11460983E-06    0.31106479E-11    0.90556733E-04
    0.67200000E-03    0.11490509E-06    0.31210061E-11    0.90657137E-04
    0.67400000E-03    0.11515176E-06    0.31313825E-11    0.90757496E-04
    0.67600000E-03    0.11549952E-06    0.31417723E-11    0.90857762E-04
    0.67800000E-03    0.11573244E-06    0.31521843E-11    0.90958020E-04
    0.68000000E-03    0.11601737E-06    0.31626123E-11    0.91058211E-04
    0.68200000E-03    0.11632868E-06    0.31730568E-11    0.91158341E-04
    0.68400000E-03    0.11658227E-06    0.31835119E-11    0.91258353E-04
    0.68600000E-03    0.11679627E-06    0.31939770E-11    0.91358240E-04
    0.68800000E-03    0.11709034E-06    0.32044543E-11    0.91458026E-04
    0.69000000E-03    0.11741805E-06    0.32149506E-11    0.91557775E-04
    0.69200000E-03    0.11770129E-06    0.32254767E-11    0.91657589E-04
    0.69400000E-03    0.11791771E-06    0.32360185E-11    0.91757336E-04
    0.69600000E-03    0.11820652E-06    0.32465710E-11    0.91856967E-04
    0.69800000E-03    0.11852991E-06    0.32571404E-11    0.91956540E-04
    0.70000000E-03    0.11874867E-06    0.32677227E-11    0.92056020E-04
    0.70200000E-03    0.11903830E-06    0.32783169E-11    0.92155397E-04
    0.70400000E-03    0.11935166E-06    0.32889218E-11    0.92254660E-04
    0.70600000E-03    0.11961755E-06    0.32995452E-11    0.92353882E-04
    0.70800000E-03    0.11996912E-06    0.33101825E-11    0.92453021E-04
    0.71000000E-03    0.12019370E-06    0.33208349E-11    0.92552089E-04
    0.71200000E-03    0.12050364E-06    0.33314974E-11    0.92651038E-04
    0.71400000E-03    0.12079975E-06    0.33421755E-11    0.92749921E-04
    0.71600000E-03    0.12113699E-06    0.33528704E-11    0.92848748E-04
    0.71800000E-03    0.12136050E-06    0.33635887E-11    0.92947581E-04
    0.72000000E-03    0.12166954E-06    0.33743119E-11    0.93046250E-04
    0.72200000E-03    0.12194926E-06    0.33850520E-11    0.93144864E-04
    0.72400000E-03    0.12222302E-06    0.33958011E-11    0.93243352E-04
    0.72600000E-03    0.12246272E-06    0.34065687E-11    0.93341802E-04
    0.72800000E-03    0.12264388E-06    0.34173460E-11    0.93440133E-04
    0.73000000E-03    0.12300413E-06    0.34281286E-11    0.93538306E-04
    0.73200000E-03    0.12330930E-06    0.34389329E-11    0.93636470E-04
    0.73400000E-03    0.12353231E-06    0.34497551E-11    0.93734590E-04
    0.73600000E-03    0.12383998E-06    0.34605924E-11    0.93832642E-04
    0.73800000E-03    0.12418172E-06    0.34714519E-11    0.93930690E-04
    0.74000000E-03    0.12439940E-06    0.34823311E-11    0.94028711E-04
    0.74200000E-03    0.12463881E-06    0.34932213E-11    0.94126627E-04
    0.74400000E-03    0.12496627E-06    0.35041238E-11    0.94224450E-04
    0.74600000E-03    0.12528730E-06    0.35150404E-11    0.94322196E-04
    0.74800000E-03    0.12554977E-06    0.35259701E-11    0.94419857E-04
    0.75000000E-03    0.12583523E-06    0.35369160E-11    0.94517461E-04
    0.75200000E-03    0.12612753E-06    0.35478803E-11    0.94615026E-04
    0.75400000E-03    0.12639329E-06    0.35588694E-11    0.94712612E-04
    0.75600000E-03    0.12666702E-06    0.35698746E-11    0.94810139E-04
    0.75800000E-03    0.12699601E-06    0.35808901E-11    0.94907557E-04
    0.76000000E-03    0.12727403E-06    0.35919251E-11    0.95004947E-04
    0.76200000E-03    0.12760068E-06    0.36029750E-11    0.95102269E-04
    0.76400000E-03    0.12787294E-06    0.36140368E-11    0.95199497E-04
    0.76600000E-03    0.12814918E-06    0.36251128E-11    0.95296651E-04
    0.76800000E-03    0.12841532E-06    0.36361974E-11    0.95393682E-04
    0.77000000E-03    0.12874552E-06    0.36472933E-11    0.95490615E-04
    0.77200000E-03    0.12902679E-06    0.36584084E-11    0.95587519E-04
    0.77400000E-03    0.12929124E-06    0.36695333E-11    0.95684313E-04
    0.77600000E-03    0.12955695E-06    0.36806708E-11    0.95781020E-04
    0.77800000E-03    0.12981783E-06    0.36918259E-11    0.95877684E-04
    0.78000000E-03    0.13006658E-06    0.37029889E-11    0.95974222E-04
    0.78200000E-03    0.13037214E-06    0.37141637E-11    0.96070668E-04
    0.78400000E-03    0.13064851E-06    0.37253530E-11    0.96167046E-04
    0.78600000E-03    0.13087734E-06    0.37365522E-11    0.96263316E-04
    0.78800000E-03    0.13118150E-06    0.37477578E-11    0.96359448E-04
    0.79000000E-03    0.13154998E-06    0.37589816E-11    0.96455544E-04
    0.79200000E-03    0.13182506E-06    0.37702253E-11    0.96551620E-04
    0.79400000E-03    0.13208533E-06    0.37814857E-11    0.96647647E-04
    0.79600000E-03    0.13233882E-06    0.37927713E-11    0.96743698E-04
    0.79800000E-03    0.13269870E-06    0.38040716E-11    0.96839683E-04
    0.80000000E-03    0.13301987E-06    0.38153847E-11    0.96935587E-04
    0.80200000E-03    0.13327783E-06    0.38267065E-11    0.97031374E-04
    0.80400000E-03    0.13356613E-06    0.38380363E-11    0.97127040E-04
    0.80600000E-03    0.13385740E-06    0.38493793E-11    0.97222630E-04
    0.80800000E-03    0.13408003E-06    0.38607418E-11    0.97318196E-04
    0.81000000E-03    0.13438109E-06    0.38721036E-11    0.97413568E-04
    0.81200000E-03    0.13467063E-06    0.38834816E-11    0.97508891E-04
    0.81400000E-03    0.13505837E-06    0.38948697E-11    0.97604111E-04
    0.81600000E-03    0.13536394E-06    0.39062818E-11    0.97699346E-04
    0.81800000E-03    0.13558997E-06    0.39177074E-11    0.97794507E-04
    0.82000000E-03    0.13587422E-06    0.39291469E-11    0.97889599E-04
    0.82200000E-03    0.13615412E-06    0.39405957E-11    0.97984585E-04
    0.82400000E-03    0.13652262E-06    0.39520545E-11    0.98079469E-04
    0.82600000E-03    0.13679179E-06    0.39635382E-11    0.98174375E-04
    0.82800000E-03    0.13708033E-06    0.39750329E-11    0.98269189E-04
    0.83000000E-03    0.13736709E-06    0.39865425E-11    0.98363943E-04
    0.83200000E-03    0.13762908E-06    0.39980722E-11    0.98458680E-04
    0.83400000E-03    0.13796995E-06    0.40096120E-11    0.98553317E-04
    0.83600000E-03    0.13827378E-06    0.40211701E-11    0.98647923E-04
    0.83800000E-03    0.13850862E-06    0.40327383E-11    0.98742430E-04
    0.84000000E-03    0.13886292E-06    0.40443127E-11    0.98836806E-04
    0.84200000E-03    0.13917197E-06    0.40559000E-11    0.98931109E-04
    0.84400000E-03    0.13944582E-06    0.40675120E-11    0.99025432E-04
    0.84600000E-03    0.13971679E-06    0.40791405E-11    0.99119709E-04
    0.84800000E-03    0.14004769E-06    0.40907904E-11    0.99213980E-04
    0.85000000E-03    0.14033917E-06    0.41024586E-11    0.99308220E-04
    0.85200000E-03    0.14055640E-06    0.41141354E-11    0.99402351E-04
    0.85400000E-03    0.14089815E-06    0.41258165E-11    0.99496339E-04
    0.85600000E-03    0.14118442E-06    0.41375120E-11    0.99590264E-04
    0.85800000E-03    0.14154901E-06    0.41492208E-11    0.99684120E-04
    0.86000000E-03    0.14176065E-06    0.41609516E-11    0.99777975E-04
    0.86200000E-03    0.14208593E-06    0.41726968E-11    0.99871768E-04
    0.86400000E-03    0.14238199E-06    0.41844590E-11    0.99965521E-04
    0.86600000E-03    0.14268730E-06    0.41962297E-11    0.10005917E-03
    0.86800000E-03    0.14296987E-06    0.42080113E-11    0.10015272E-03
    0.87000000E-03    0.14322310E-06    0.42197998E-11    0.10024616E-03
    0.87200000E-03    0.14355629E-06    0.42316039E-11    0.10033955E-03
    0.87400000E-03    0.14384682E-06    0.42434206E-11    0.10043286E-03
    0.87600000E-03    0.14416610E-06    0.42552509E-11    0.10052610E-03
    0.87800000E-03    0.14443366E-06    0.42670938E-11    0.10061928E-03
    0.88000000E-03    0.14476577E-06    0.42789489E-11    0.10071237E-03
    0.88200000E-03    0.14503249E-06    0.42908257E-11    0.10080547E-03
    0.88400000E-03    0.14540400E-06    0.43027118E-11    0.10089846E-03
    0.88600000E-03    0.14564292E-06    0.43146176E-11    0.10099144E-03
    0.88800000E-03    0.14589477E-06    0.43265288E-11    0.10108429E-03
    0.89000000E-03    0.14617607E-06    0.43384465E-11    0.10117702E-03
    0.89200000E-03    0.14649437E-06    0.43503716E-11    0.10126964E-03
    0.89400000E-03    0.14683997E-06    0.43623140E-11    0.10136222E-03
    0.89600000E-03    0.14705844E-06    0.43742667E-11    0.10145471E-03
    0.89800000E-03    0.14734703E-06    0.43862359E-11    0.10154716E-03
    0.90000000E-03    0.14775624E-06    0.43982169E-11    0.10163954E-03
    0.90200000E-03    0.14802954E-06    0.44102130E-11    0.10173186E-03
    0.90400000E-03    0.14832858E-06    0.44222172E-11    0.10182408E-03
    0.90600000E-03    0.14864076E-06    0.44342391E-11    0.10191626E-03
    0.90800000E-03    0.14897377E-06    0.44462769E-11    0.10200841E-03
    0.91000000E-03    0.14927258E-06    0.44583250E-11    0.10210046E-03
    0.91200000E-03    0.14955416E-06    0.44703900E-11    0.10219248E-03
    0.91400000E-03    0.14992690E-06    0.44824717E-11    0.10228446E-03
    0.91600000E-03    0.15021897E-06    0.44945671E-11    0.10237638E-03
    0.91800000E-03    0.15047052E-06    0.45066749E-11    0.10246822E-03
    0.92000000E-03    0.15072864E-06    0.45187916E-11    0.10255997E-03
    0.92200000E-03    0.15110270E-06    0.45309182E-11    0.10265163E-03
    0.92400000E-03    0.15141785E-06    0.45430691E-11    0.10274332E-03
    0.92600000E-03    0.15176924E-06    0.45552222E-11    0.10283485E-03
    0.92800000E-03    0.15203473E-06    0.45673856E-11    0.10292630E-03
    0.93000000E-03    0.15231072E-06    0.45795543E-11    0.10301763E-03
    0.93200000E-03    0.15259042E-06    0.45917364E-11    0.10310889E-03
    0.93400000E-03    0.15291890E-06    0.46039222E-11    0.10320002E-03
    0.93600000E-03    0.15319153E-06    0.46161220E-11    0.10329110E-03
    0.93800000E-03    0.15357325E-06    0.46283354E-11    0.10338211E-03
    0.94000000E-03    0.15384638E-06    0.46405734E-11    0.10347315E-03
    0.94200000E-03    0.15412555E-06    0.46528274E-11    0.10356415E-03
    0.94400000E-03    0.15442030E-06    0.46650953E-11    0.10365509E-03
    0.94600000E-03    0.15471909E-06    0.46773854E-11    0.10374604E-03
    0.94800000E-03    0.15506932E-06    0.46896870E-11    0.10383691E-03
    0.95000000E-03    0.15535911E-06    0.47020134E-11    0.10392780E-03
    0.95200000E-03    0.15573036E-06    0.47143455E-11    0.10401858E-03
    0.95400000E-03    0.15595697E-06    0.47266955E-11    0.10410933E-03
    0.95600000E-03    0.15626126E-06    0.47390466E-11    0.10419994E-03
    0.95800000E-03    0.15656460E-06    0.47514183E-11    0.10429053E-03
    0.96000000E-03    0.15689068E-06    0.47638036E-11    0.10438107E-03
    0.96200000E-03    0.15722317E-06    0.47762016E-11    0.10447154E-03
    0.96400000E-03    0.15748968E-06    0.47886132E-11    0.10456196E-03
    0.96600000E-03    0.15782301E-06    0.48010444E-11    0.10465236E-03
    0.96800000E-03    0.15813928E-06    0.48134846E-11    0.10474267E-03
    0.97000000E-03    0.15846406E-06    0.48259402E-11    0.10483294E-03
    0.97200000E-03    0.15878264E-06    0.48384047E-11    0.10492312E-03
    0.97400000E-03    0.15914797E-06    0.48508761E-11    0.10501319E-03
    0.97600000E-03    0.15948170E-06    0.48633605E-11    0.10510320E-03
    0.97800000E-03    0.15971969E-06    0.48758546E-11    0.10519313E-03
    0.98000000E-03    0.16001392E-06    0.48883600E-11    0.10528299E-03
    0.98200000E-03    0.16028564E-06    0.49008834E-11    0.10537282E-03
    0.98400000E-03    0.16063674E-06    0.49134156E-11    0.10546256E-03
    0.98600000E-03    0.16097126E-06    0.49259640E-11    0.10555226E-03
    0.98800000E-03    0.16129015E-06    0.49385272E-11    0.10564192E-03
    0.99000000E-03    0.16161159E-06    0.49511103E-11    0.10573157E-03
    0.99200000E-03    0.16197651E-06    0.49637088E-11    0.10582117E-03
    0.99400000E-03    0.16233354E-06    0.49763203E-11    0.10591072E-03
    0.99600000E-03    0.16264642E-06    0.49889415E-11    0.10600018E-03
    0.99800000E-03    0.16297637E-06    0.50015736E-11    0.10608957E-03
    0.10000000E-02    0.16323216E-06    0.50142201E-11    0.10617891E-03
    0.10020000E-02    0.16348267E-06    0.50268673E-11    0.10626811E-03
    0.10040000E-02    0.16381744E-06    0.50395214E-11    0.10635720E-03
    0.10060000E-02    0.16410727E-06    0.50521859E-11    0.10644622E-03
    0.10080000E-02    0.16445497E-06    0.50648622E-11    0.10653517E-03
    0.10100000E-02    0.16478326E-06    0.50775534E-11    0.10662408E-03
    0.10120000E-02    0.16509450E-06    0.50902574E-11    0.10671293E-03
    0.10140000E-02    0.16530637E-06    0.51029755E-11    0.10680173E-03
    0.10160000E-02    0.16563413E-06    0.51157107E-11    0.10689050E-03
    0.10180000E-02    0.16597914E-06    0.51284555E-11    0.10697920E-03
    0.10200000E-02    0.16626557E-06    0.51412097E-11    0.10706781E-03
    0.10220000E-02    0.16660331E-06    0.51539719E-11    0.10715633E-03
    0.10240000E-02    0.16691499E-06    0.51667450E-11    0.10724477E-03
    0.10260000E-02    0.16725837E-06    0.51795316E-11    0.10733317E-03
    0.10280000E-02    0.16754809E-06    0.51923346E-11    0.10742153E-03
    0.10300000E-02    0.16795346E-06    0.52051487E-11    0.10750983E-03
    0.10320000E-02    0.16825051E-06    0.52179729E-11    0.10759805E-03
    0.10340000E-02    0.16858875E-06    0.52308080E-11    0.10768620E-03
    0.10360000E-02    0.16893126E-06    0.52436560E-11    0.10777430E-03
    0.10380000E-02    0.16924343E-06    0.52565210E-11    0.10786236E-03
    0.10400000E-02    0.16959089E-06    0.52693948E-11    0.10795035E-03
    0.10420000E-02    0.16995980E-06    0.52822840E-11    0.10803829E-03
    0.10440000E-02    0.17025031E-06    0.52951847E-11    0.10812617E-03
    0.10460000E-02    0.17055123E-06    0.53080972E-11    0.10821399E-03
    0.10480000E-02    0.17082984E-06    0.53210169E-11    0.10830172E-03
    0.10500000E-02    0.17125542E-06    0.53339463E-11    0.10838937E-03
    0.10520000E-02    0.17153762E-06    0.53469010E-11    0.10847704E-03
    0.10540000E-02    0.17192082E-06    0.53598694E-11    0.10856467E-03
    0.10560000E-02    0.17216875E-06    0.53728575E-11    0.10865230E-03
    0.10580000E-02    0.17246713E-06    0.53858490E-11    0.10873980E-03
    0.10600000E-02    0.17281923E-06    0.53988543E-11    0.10882725E-03
    0.10620000E-02    0.17316639E-06    0.54118726E-11    0.10891465E-03
    0.10640000E-02    0.17350854E-06    0.54248999E-11    0.10900198E-03
    0.10660000E-02    0.17383190E-06    0.54379338E-11    0.10908920E-03
    0.10680000E-02    0.17413779E-06    0.54509798E-11    0.10917637E-03
    0.10700000E-02    0.17445150E-06    0.54640364E-11    0.10926347E-03
    0.10720000E-02    0.17476105E-06    0.54771031E-11    0.10935050E-03
    0.10740000E-02    0.17513121E-06    0.54901826E-11    0.10943747E-03
    0.10760000E-02    0.17547977E-06    0.55032784E-11    0.10952442E-03
    0.10780000E-02    0.17576275E-06    0.55163879E-11    0.10961132E-03
    0.10800000E-02    0.17606752E-06    0.55295042E-11    0.10969812E-03
    0.10820000E-02    0.17638493E-06    0.55426308E-11    0.10978486E-03
    0.10840000E-02    0.17667772E-06    0.55557718E-11    0.10987155E-03
    0.10860000E-02    0.17703793E-06    0.55689190E-11    0.10995815E-03
    0.10880000E-02    0.17740637E-06    0.55820800E-11    0.11004470E-03
    0.10900000E-02    0.17776691E-06    0.55952602E-11    0.11013125E-03
    0.10920000E-02    0.17811316E-06    0.56084558E-11    0.11021776E-03
    0.10940000E-02    0.17844063E-06    0.56216677E-11    0.11030424E-03
    0.10960000E-02    0.17879298E-06    0.56348866E-11    0.11039062E-03
    0.10980000E-02    0.17915287E-06    0.56481212E-11    0.11047698E-03
    0.11000000E-02    0.17943881E-06    0.56613722E-11    0.11056331E-03
    0.11020000E-02    0.17978823E-06    0.56746296E-11    0.11064955E-03
    0.11040000E-02    0.18014640E-06    0.56879040E-11    0.11073576E-03
    0.11060000E-02    0.18037487E-06    0.57011988E-11    0.11082197E-03
    0.11080000E-02    0.18076104E-06    0.57144997E-11    0.11090808E-03
    0.11100000E-02    0.18111073E-06    0.57278207E-11    0.11099420E-03
    0.11120000E-02    0.18143636E-06    0.57411612E-11    0.11108030E-03
    0.11140000E-02    0.18175657E-06    0.57545048E-11    0.11116629E-03
    0.11160000E-02    0.18210079E-06    0.57678602E-11    0.11125222E-03
    0.11180000E-02    0.18241659E-06    0.57812204E-11    0.11133806E-03
    0.11200000E-02    0.18274682E-06    0.57945843E-11    0.11142378E-03
    0.11220000E-02    0.18309322E-06    0.58079623E-11    0.11150946E-03
    0.11240000E-02    0.18344075E-06    0.58213475E-11    0.11159506E-03
    0.11260000E-02    0.18384788E-06    0.58347410E-11    0.11168058E-03
    0.11280000E-02    0.18417551E-06    0.58481494E-11    0.11176606E-03
    0.11300000E-02    0.18451782E-06    0.58615655E-11    0.11185146E-03
    0.11320000E-02    0.18486225E-06    0.58749953E-11    0.11193682E-03
    0.11340000E-02    0.18519278E-06    0.58884342E-11    0.11202211E-03
    0.11360000E-02    0.18553069E-06    0.59019001E-11    0.11210743E-03
    0.11380000E-02    0.18591932E-06    0.59153799E-11    0.11219272E-03
    0.11400000E-02    0.18624509E-06    0.59288725E-11    0.11227796E-03
    0.11420000E-02    0.18657530E-06    0.59423785E-11    0.11236315E-03
    0.11440000E-02    0.18695419E-06    0.59558924E-11    0.11244826E-03
    0.11460000E-02    0.18725638E-06    0.59694174E-11    0.11253332E-03
    0.11480000E-02    0.18761605E-06    0.59829480E-11    0.11261828E-03
    0.11500000E-02    0.18794003E-06    0.59964919E-11    0.11270319E-03
    0.11520000E-02    0.18825569E-06    0.60100492E-11    0.11278806E-03
    0.11540000E-02    0.18859602E-06    0.60236280E-11    0.11287294E-03
    0.11560000E-02    0.18894240E-06    0.60372172E-11    0.11295776E-03
    0.11580000E-02    0.18926017E-06    0.60508211E-11    0.11304254E-03
    0.11600000E-02    0.18959777E-06    0.60644383E-11    0.11312727E-03
    0.11620000E-02    0.18998483E-06    0.60780628E-11    0.11321193E-03
    0.11640000E-02    0.19036967E-06    0.60916999E-11    0.11329654E-03
    0.11660000E-02    0.19077502E-06    0.61053570E-11    0.11338114E-03
    0.11680000E-02    0.19099710E-06    0.61190210E-11    0.11346566E-03
    0.11700000E-02    0.19135643E-06    0.61326870E-11    0.11355007E-03
    0.11720000E-02    0.19175545E-06    0.61463591E-11    0.11363439E-03
    0.11740000E-02    0.19215530E-06    0.61600392E-11    0.11371863E-03
    0.11760000E-02    0.19250801E-06    0.61737336E-11    0.11380284E-03
    0.11780000E-02    0.19282608E-06    0.61874424E-11    0.11388701E-03
    0.11800000E-02    0.19319485E-06    0.62011601E-11    0.11397111E-03
    0.11820000E-02    0.19347851E-06    0.62148853E-11    0.11405513E-03
    0.11840000E-02    0.19382268E-06    0.62286170E-11    0.11413907E-03
    0.11860000E-02    0.19414056E-06    0.62423600E-11    0.11422296E-03
    0.11880000E-02    0.19451288E-06    0.62561099E-11    0.11430676E-03
    0.11900000E-02    0.19486330E-06    0.62698661E-11    0.11439048E-03
    0.11920000E-02    0.19519491E-06    0.62836423E-11    0.11447420E-03
    0.11940000E-02    0.19552753E-06    0.62974312E-11    0.11455787E-03
    0.11960000E-02    0.19593110E-06    0.63112300E-11    0.11464148E-03
    0.11980000E-02    0.19631765E-06    0.63250426E-11    0.11472506E-03
    0.12000000E-02    0.19672443E-06    0.63388638E-11    0.11480856E-03
    0.12020000E-02    0.19705212E-06    0.63526997E-11    0.11489203E-03
    0.12040000E-02    0.19736124E-06    0.63665471E-11    0.11497545E-03
    0.12060000E-02    0.19766360E-06    0.63804036E-11    0.11505880E-03
    0.12080000E-02    0.19802294E-06    0.63942745E-11    0.11514212E-03
    0.12100000E-02    0.19844246E-06    0.64081502E-11    0.11522535E-03
    0.12120000E-02    0.19881075E-06    0.64220384E-11    0.11530853E-03
    0.12140000E-02    0.19918446E-06    0.64359342E-11    0.11539164E-03
    0.12160000E-02    0.19951038E-06    0.64498462E-11    0.11547472E-03
    0.12180000E-02    0.19985341E-06    0.64637489E-11    0.11555763E-03
    0.12200000E-02    0.20018083E-06    0.64776573E-11    0.11564045E-03
    0.12220000E-02    0.20058549E-06    0.64916246E-11    0.11572351E-03
    0.12240000E-02    0.20082452E-06    0.65055577E-11    0.11580624E-03
    0.12260000E-02    0.20124080E-06    0.65194978E-11    0.11588890E-03
    0.12280000E-02    0.20161157E-06    0.65334783E-11    0.11597168E-03
    0.12300000E-02    0.20196538E-06    0.65474556E-11    0.11605432E-03
    0.12320000E-02    0.20234975E-06    0.65614422E-11    0.11613690E-03
    0.12340000E-02    0.20279033E-06    0.65754418E-11    0.11621944E-03
    0.12360000E-02    0.20323233E-06    0.65894532E-11    0.11630193E-03
    0.12380000E-02    0.20354092E-06    0.66034829E-11    0.11638441E-03
    0.12400000E-02    0.20400001E-06    0.66175180E-11    0.11646681E-03
    0.12420000E-02    0.20446702E-06    0.66315673E-11    0.11654917E-03
    0.12440000E-02    0.20469795E-06    0.66456340E-11    0.11663152E-03
    0.12460000E-02    0.20508700E-06    0.66597051E-11    0.11671378E-03
    0.12480000E-02    0.20544932E-06    0.66737789E-11    0.11679594E-03
    0.12500000E-02    0.20578821E-06    0.66878608E-11    0.11687803E-03
    0.12520000E-02    0.20620374E-06    0.67019553E-11    0.11696008E-03
    0.12540000E-02    0.20663269E-06    0.67160587E-11    0.11704206E-03
    0.12560000E-02    0.20701624E-06    0.67301805E-11    0.11712404E-03
    0.12580000E-02    0.20728526E-06    0.67443175E-11    0.11720599E-03
    0.12600000E-02    0.20761425E-06    0.67584565E-11    0.11728784E-03
    0.12620000E-02    0.20795171E-06    0.67726108E-11    0.11736966E-03
    0.12640000E-02    0.20842461E-06    0.67867794E-11    0.11745145E-03
    0.12660000E-02    0.20890472E-06    0.68009637E-11    0.11753321E-03
    0.12680000E-02    0.20924429E-06    0.68151549E-11    0.11761491E-03
    0.12700000E-02    0.20946625E-06    0.68293583E-11    0.11769656E-03
    0.12720000E-02    0.20983623E-06    0.68435724E-11    0.11777816E-03
    0.12740000E-02    0.21036658E-06    0.68577899E-11    0.11785966E-03
    0.12760000E-02    0.21061378E-06    0.68720121E-11    0.11794108E-03
    0.12780000E-02    0.21098850E-06    0.68862381E-11    0.11802241E-03
    0.12800000E-02    0.21127563E-06    0.69004772E-11    0.11810370E-03
    0.12820000E-02    0.21169933E-06    0.69147333E-11    0.11818498E-03
    0.12840000E-02    0.21213855E-06    0.69290048E-11    0.11826623E-03
    0.12860000E-02    0.21251182E-06    0.69432820E-11    0.11834740E-03
    0.12880000E-02    0.21288901E-06    0.69575723E-11    0.11842854E-03
    0.12900000E-02    0.21324369E-06    0.69718789E-11    0.11850966E-03
    0.12920000E-02    0.21368450E-06    0.69861908E-11    0.11859069E-03
    0.12940000E-02    0.21404450E-06    0.70005087E-11    0.11867165E-03
    0.12960000E-02    0.21447070E-06    0.70148333E-11    0.11875254E-03
    0.12980000E-02    0.21482107E-06    0.70291656E-11    0.11883336E-03
    0.13000000E-02    0.21524088E-06    0.70435034E-11    0.11891411E-03
    0.13020000E-02    0.21552869E-06    0.70578530E-11    0.11899480E-03
    0.13040000E-02    0.21593206E-06    0.70722174E-11    0.11907548E-03
    0.13060000E-02    0.21632894E-06    0.70865985E-11    0.11915613E-03
    0.13080000E-02    0.21674010E-06    0.71009903E-11    0.11923674E-03
    0.13100000E-02    0.21716426E-06    0.71153953E-11    0.11931732E-03
    0.13120000E-02    0.21758457E-06    0.71298169E-11    0.11939787E-03
    0.13140000E-02    0.21793761E-06    0.71442496E-11    0.11947838E-03
    0.13160000E-02    0.21831037E-06    0.71586936E-11    0.11955885E-03
    0.13180000E-02    0.21873610E-06    0.71731495E-11    0.11963927E-03
    0.13200000E-02    0.21914289E-06    0.71876107E-11    0.11971962E-03
    0.13220000E-02    0.21948788E-06    0.72020788E-11    0.11979989E-03
    0.13240000E-02    0.21983416E-06    0.72165632E-11    0.11988015E-03
    0.13260000E-02    0.22015674E-06    0.72310522E-11    0.11996032E-03
    0.13280000E-02    0.22051324E-06    0.72455557E-11    0.12004047E-03
    0.13300000E-02    0.22089750E-06    0.72600684E-11    0.12012057E-03
    0.13320000E-02    0.22134923E-06    0.72745922E-11    0.12020061E-03
    0.13340000E-02    0.22177994E-06    0.72891264E-11    0.12028061E-03
    0.13360000E-02    0.22211797E-06    0.73036746E-11    0.12036058E-03
    0.13380000E-02    0.22256933E-06    0.73182223E-11    0.12044044E-03
    0.13400000E-02    0.22302005E-06    0.73327795E-11    0.12052024E-03
    0.13420000E-02    0.22350162E-06    0.73473492E-11    0.12060001E-03
    0.13440000E-02    0.22374654E-06    0.73619264E-11    0.12067972E-03
    0.13460000E-02    0.22417530E-06    0.73765061E-11    0.12075933E-03
    0.13480000E-02    0.22464567E-06    0.73910976E-11    0.12083890E-03
    0.13500000E-02    0.22503651E-06    0.74057010E-11    0.12091844E-03
    0.13520000E-02    0.22539060E-06    0.74203051E-11    0.12099787E-03
    0.13540000E-02    0.22586944E-06    0.74349164E-11    0.12107723E-03
    0.13560000E-02    0.22621176E-06    0.74495456E-11    0.12115659E-03
    0.13580000E-02    0.22655268E-06    0.74641754E-11    0.12123585E-03
    0.13600000E-02    0.22697238E-06    0.74788100E-11    0.12131504E-03
    0.13620000E-02    0.22731403E-06    0.74934664E-11    0.12139423E-03
    0.13640000E-02    0.22773528E-06    0.75081302E-11    0.12147336E-03
    0.13660000E-02    0.22815118E-06    0.75228093E-11    0.12155248E-03
    0.13680000E-02    0.22843641E-06    0.75375026E-11    0.12163156E-03
    0.13700000E-02    0.22880007E-06    0.75521949E-11    0.12171054E-03
    0.13720000E-02    0.22922848E-06    0.75669020E-11    0.12178950E-03
    0.13740000E-02    0.22965813E-06    0.75816176E-11    0.12186839E-03
    0.13760000E-02    0.22993304E-06    0.75963458E-11    0.12194726E-03
    0.13780000E-02    0.23036075E-06    0.76110826E-11    0.12202607E-03
    0.13800000E-02    0.23083884E-06    0.76258278E-11    0.12210482E-03
    0.13820000E-02    0.23122825E-06    0.76405892E-11    0.12218355E-03
    0.13840000E-02    0.23166128E-06    0.76553622E-11    0.12226225E-03
    0.13860000E-02    0.23214524E-06    0.76701431E-11    0.12234089E-03
    0.13880000E-02    0.23251386E-06    0.76849413E-11    0.12241951E-03
    0.13900000E-02    0.23286676E-06    0.76997422E-11    0.12249805E-03
    0.13920000E-02    0.23319991E-06    0.77145576E-11    0.12257657E-03
    0.13940000E-02    0.23373033E-06    0.77293776E-11    0.12265501E-03
    0.13960000E-02    0.23407080E-06    0.77442184E-11    0.12273346E-03
    0.13980000E-02    0.23455848E-06    0.77590589E-11    0.12281181E-03
    0.14000000E-02    0.23493102E-06    0.77739180E-11    0.12289016E-03
    0.14020000E-02    0.23529069E-06    0.77887853E-11    0.12296845E-03
    0.14040000E-02    0.23580916E-06    0.78036498E-11    0.12304663E-03
    0.14060000E-02    0.23625490E-06    0.78185131E-11    0.12312470E-03
    0.14080000E-02    0.23665439E-06    0.78333884E-11    0.12320274E-03
    0.14100000E-02    0.23709078E-06    0.78482754E-11    0.12328073E-03
    0.14120000E-02    0.23743550E-06    0.78631694E-11    0.12335867E-03
    0.14140000E-02    0.23777044E-06    0.78780729E-11    0.12343656E-03
    0.14160000E-02    0.23809517E-06    0.78929885E-11    0.12351441E-03
    0.14180000E-02    0.23844924E-06    0.79079129E-11    0.12359221E-03
    0.14200000E-02    0.23876330E-06    0.79228499E-11    0.12366997E-03
    0.14220000E-02    0.23921110E-06    0.79377910E-11    0.12374767E-03
    0.14240000E-02    0.23960238E-06    0.79527482E-11    0.12382534E-03
    0.14260000E-02    0.24010222E-06    0.79677167E-11    0.12390298E-03
    0.14280000E-02    0.24048336E-06    0.79827069E-11    0.12398064E-03
    0.14300000E-02    0.24094223E-06    0.79977024E-11    0.12405822E-03
    0.14320000E-02    0.24137744E-06    0.80127114E-11    0.12413578E-03
    0.14340000E-02    0.24180256E-06    0.80277322E-11    0.12421330E-03
    0.14360000E-02    0.24212419E-06    0.80427712E-11    0.12429081E-03
    0.14380000E-02    0.24247416E-06    0.80578210E-11    0.12436829E-03
    0.14400000E-02    0.24288496E-06    0.80728763E-11    0.12444570E-03
    0.14420000E-02    0.24329386E-06    0.80879384E-11    0.12452305E-03
    0.14440000E-02    0.24380163E-06    0.81030094E-11    0.12460034E-03
    0.14460000E-02    0.24418359E-06    0.81180897E-11    0.12467759E-03
    0.14480000E-02    0.24454639E-06    0.81331795E-11    0.12475480E-03
    0.14500000E-02    0.24508280E-06    0.81482878E-11    0.12483200E-03
    0.14520000E-02    0.24549977E-06    0.81634069E-11    0.12490916E-03
    0.14540000E-02    0.24593701E-06    0.81785359E-11    0.12498627E-03
    0.14560000E-02    0.24629389E-06    0.81936653E-11    0.12506330E-03
    0.14580000E-02    0.24679602E-06    0.82087986E-11    0.12514024E-03
    0.14600000E-02    0.24724645E-06    0.82239427E-11    0.12521715E-03
    0.14620000E-02    0.24768220E-06    0.82390913E-11    0.12529399E-03
    0.14640000E-02    0.24806141E-06    0.82542458E-11    0.12537076E-03
    0.14660000E-02    0.24841578E-06    0.82694060E-11    0.12544747E-03
    0.14680000E-02    0.24885594E-06    0.82845718E-11    0.12552411E-03
    0.14700000E-02    0.24927505E-06    0.82997384E-11    0.12560066E-03
    0.14720000E-02    0.24960199E-06    0.83149217E-11    0.12567721E-03
    0.14740000E-02    0.25008712E-06    0.83301142E-11    0.12575370E-03
    0.14760000E-02    0.25057504E-06    0.83453120E-11    0.12583013E-03
    0.14780000E-02    0.25108229E-06    0.83605178E-11    0.12590651E-03
    0.14800000E-02    0.25143486E-06    0.83757333E-11    0.12598284E-03
    0.14820000E-02    0.25198370E-06    0.83909495E-11    0.12605909E-03
    0.14840000E-02    0.25232056E-06    0.84061752E-11    0.12613529E-03
    0.14860000E-02    0.25278698E-06    0.84214153E-11    0.12621147E-03
    0.14880000E-02    0.25317124E-06    0.84366689E-11    0.12628763E-03
    0.14900000E-02    0.25343031E-06    0.84519321E-11    0.12636374E-03
    0.14920000E-02    0.25397837E-06    0.84672058E-11    0.12643981E-03
    0.14940000E-02    0.25442494E-06    0.84824879E-11    0.12651583E-03
    0.14960000E-02    0.25494646E-06    0.84977731E-11    0.12659178E-03
    0.14980000E-02    0.25541938E-06    0.85130720E-11    0.12666770E-03
    0.15000000E-02    0.25585481E-06    0.85283713E-11    0.12674354E-03
    0.15020000E-02    0.25619317E-06    0.85436744E-11    0.12681930E-03
    0.15040000E-02    0.25655150E-06    0.85589866E-11    0.12689502E-03
    0.15060000E-02    0.25703258E-06    0.85743039E-11    0.12697067E-03
    0.15080000E-02    0.25745992E-06    0.85896293E-11    0.12704628E-03
    0.15100000E-02    0.25797733E-06    0.86049591E-11    0.12712181E-03
    0.15120000E-02    0.25843809E-06    0.86203021E-11    0.12719732E-03
    0.15140000E-02    0.25883483E-06    0.86356551E-11    0.12727279E-03
    0.15160000E-02    0.25915005E-06    0.86510083E-11    0.12734817E-03
    0.15180000E-02    0.25972192E-06    0.86663783E-11    0.12742354E-03
    0.15200000E-02    0.26008906E-06    0.86817555E-11    0.12749886E-03
    0.15220000E-02    0.26063982E-06    0.86971423E-11    0.12757414E-03
    0.15240000E-02    0.26098050E-06    0.87125368E-11    0.12764937E-03
    0.15260000E-02    0.26135789E-06    0.87279347E-11    0.12772452E-03
    0.15280000E-02    0.26180488E-06    0.87433417E-11    0.12779964E-03
    0.15300000E-02    0.26227526E-06    0.87587512E-11    0.12787467E-03
    0.15320000E-02    0.26266191E-06    0.87741702E-11    0.12794966E-03
    0.15340000E-02    0.26316524E-06    0.87895904E-11    0.12802457E-03
    0.15360000E-02    0.26366727E-06    0.88050232E-11    0.12809946E-03
    0.15380000E-02    0.26402178E-06    0.88204714E-11    0.12817433E-03
    0.15400000E-02    0.26444870E-06    0.88359213E-11    0.12824912E-03
    0.15420000E-02    0.26503759E-06    0.88513791E-11    0.12832387E-03
    0.15440000E-02    0.26564110E-06    0.88668486E-11    0.12839858E-03
    0.15460000E-02    0.26604192E-06    0.88823273E-11    0.12847325E-03
    0.15480000E-02    0.26647468E-06    0.88978256E-11    0.12854793E-03
    0.15500000E-02    0.26692442E-06    0.89133251E-11    0.12862253E-03
    0.15520000E-02    0.26744587E-06    0.89288331E-11    0.12869708E-03
    0.15540000E-02    0.26791389E-06    0.89443560E-11    0.12877162E-03
    0.15560000E-02    0.26839481E-06    0.89598927E-11    0.12884614E-03
    0.15580000E-02    0.26884408E-06    0.89754322E-11    0.12892058E-03
    0.15600000E-02    0.26932111E-06    0.89909741E-11    0.12899495E-03
    0.15620000E-02    0.26970384E-06    0.90065367E-11    0.12906933E-03
    0.15640000E-02    0.27015786E-06    0.90221119E-11    0.12914369E-03
    0.15660000E-02    0.27040795E-06    0.90376924E-11    0.12921799E-03
    0.15680000E-02    0.27086196E-06    0.90532854E-11    0.12929226E-03
    0.15700000E-02    0.27133980E-06    0.90688831E-11    0.12936647E-03
    0.15720000E-02    0.27169558E-06    0.90844868E-11    0.12944062E-03
    0.15740000E-02    0.27222792E-06    0.91000929E-11    0.12951470E-03
    0.15760000E-02    0.27266995E-06    0.91156996E-11    0.12958870E-03
    0.15780000E-02    0.27315676E-06    0.91313108E-11    0.12966263E-03
    0.15800000E-02    0.27377747E-06    0.91469259E-11    0.12973650E-03
    0.15820000E-02    0.27432595E-06    0.91625471E-11    0.12981032E-03
    0.15840000E-02    0.27476021E-06    0.91781666E-11    0.12988404E-03
    0.15860000E-02    0.27516436E-06    0.91937862E-11    0.12995767E-03
    0.15880000E-02    0.27564883E-06    0.92094043E-11    0.13003122E-03
    0.15900000E-02    0.27632216E-06    0.92250379E-11    0.13010476E-03
    0.15920000E-02    0.27674185E-06    0.92406762E-11    0.13017824E-03
    0.15940000E-02    0.27705788E-06    0.92563248E-11    0.13025168E-03
    0.15960000E-02    0.27758125E-06    0.92719872E-11    0.13032510E-03
    0.15980000E-02    0.27814978E-06    0.92876618E-11    0.13039850E-03
    0.16000000E-02    0.27872686E-06    0.93033411E-11    0.13047184E-03
    0.16020000E-02    0.27907717E-06    0.93190314E-11    0.13054514E-03
    0.16040000E-02    0.27944631E-06    0.93347310E-11    0.13061841E-03
    0.16060000E-02    0.27997445E-06    0.93504371E-11    0.13069163E-03
    0.16080000E-02    0.28041124E-06    0.93661529E-11    0.13076481E-03
    0.16100000E-02    0.28086487E-06    0.93818697E-11    0.13083791E-03
    0.16120000E-02    0.28126073E-06    0.93975863E-11    0.13091093E-03
    0.16140000E-02    0.28182637E-06    0.94133013E-11    0.13098386E-03
    0.16160000E-02    0.28234076E-06    0.94290321E-11    0.13105678E-03
    0.16180000E-02    0.28282566E-06    0.94447773E-11    0.13112969E-03
    0.16200000E-02    0.28326047E-06    0.94605480E-11    0.13120264E-03
    0.16220000E-02    0.28364607E-06    0.94763213E-11    0.13127551E-03
    0.16240000E-02    0.28408114E-06    0.94920930E-11    0.13134830E-03
    0.16260000E-02    0.28448705E-06    0.95078678E-11    0.13142102E-03
    0.16280000E-02    0.28508150E-06    0.95236490E-11    0.13149369E-03
    0.16300000E-02    0.28553018E-06    0.95394427E-11    0.13156634E-03
    0.16320000E-02    0.28603491E-06    0.95552349E-11    0.13163890E-03
    0.16340000E-02    0.28652430E-06    0.95710332E-11    0.13171141E-03
    0.16360000E-02    0.28700330E-06    0.95868440E-11    0.13178390E-03
    0.16380000E-02    0.28741134E-06    0.96026573E-11    0.13185632E-03
    0.16400000E-02    0.28794854E-06    0.96184784E-11    0.13192869E-03
    0.16420000E-02    0.28846046E-06    0.96343139E-11    0.13200105E-03
    0.16440000E-02    0.28881063E-06    0.96501605E-11    0.13207339E-03
    0.16460000E-02    0.28918976E-06    0.96660019E-11    0.13214561E-03
    0.16480000E-02    0.28961056E-06    0.96818464E-11    0.13221778E-03
    0.16500000E-02    0.28990672E-06    0.96976913E-11    0.13228987E-03
    0.16520000E-02    0.29033983E-06    0.97135400E-11    0.13236189E-03
    0.16540000E-02    0.29089941E-06    0.97293871E-11    0.13243384E-03
    0.16560000E-02    0.29137975E-06    0.97452444E-11    0.13250575E-03
    0.16580000E-02    0.29176704E-06    0.97611107E-11    0.13257762E-03
    0.16600000E-02    0.29237765E-06    0.97769804E-11    0.13264943E-03
    0.16620000E-02    0.29285564E-06    0.97928610E-11    0.13272121E-03
    0.16640000E-02    0.29340359E-06    0.98087466E-11    0.13279293E-03
    0.16660000E-02    0.29387608E-06    0.98246384E-11    0.13286461E-03
    0.16680000E-02    0.29423302E-06    0.98405306E-11    0.13293621E-03
    0.16700000E-02    0.29480066E-06    0.98564222E-11    0.13300773E-03
    0.16720000E-02    0.29522731E-06    0.98723200E-11    0.13307921E-03
    0.16740000E-02    0.29576642E-06    0.98882204E-11    0.13315061E-03
    0.16760000E-02    0.29629318E-06    0.99041268E-11    0.13322197E-03
    0.16780000E-02    0.29661514E-06    0.99200333E-11    0.13329326E-03
    0.16800000E-02    0.29716063E-06    0.99359362E-11    0.13336444E-03
    0.16820000E-02    0.29761155E-06    0.99518420E-11    0.13343557E-03
    0.16840000E-02    0.29816085E-06    0.99677515E-11    0.13350664E-03
    0.16860000E-02    0.29862189E-06    0.99836639E-11    0.13357764E-03
    0.16880000E-02    0.29922173E-06    0.99995834E-11    0.13364861E-03
    0.16900000E-02    0.29984931E-06    0.10015502E-10    0.13371949E-03
    0.16920000E-02    0.30029875E-06    0.10031435E-10    0.13379036E-03
    0.16940000E-02    0.30083620E-06    0.10047374E-10    0.13386118E-03
    0.16960000E-02    0.30146344E-06    0.10063311E-10    0.13393192E-03
    0.16980000E-02    0.30183261E-06    0.10079255E-10    0.13400262E-03
    0.17000000E-02    0.30228884E-06    0.10095206E-10    0.13407327E-03
    0.17020000E-02    0.30267556E-06    0.10111158E-10    0.13414385E-03
    0.17040000E-02    0.30315002E-06    0.10127109E-10    0.13421435E-03
    0.17060000E-02    0.30381687E-06    0.10143061E-10    0.13428478E-03
    0.17080000E-02    0.30443973E-06    0.10159020E-10    0.13435518E-03
    0.17100000E-02    0.30486845E-06    0.10174988E-10    0.13442553E-03
    0.17120000E-02    0.30518987E-06    0.10190950E-10    0.13449579E-03
    0.17140000E-02    0.30558977E-06    0.10206919E-10    0.13456600E-03
    0.17160000E-02    0.30602753E-06    0.10222890E-10    0.13463615E-03
    0.17180000E-02    0.30652381E-06    0.10238860E-10    0.13470623E-03
    0.17200000E-02    0.30708955E-06    0.10254837E-10    0.13477625E-03
    0.17220000E-02    0.30756640E-06    0.10270816E-10    0.13484622E-03
    0.17240000E-02    0.30789177E-06    0.10286794E-10    0.13491611E-03
    0.17260000E-02    0.30830791E-06    0.10302774E-10    0.13498594E-03
    0.17280000E-02    0.30871424E-06    0.10318759E-10    0.13505571E-03
    0.17300000E-02    0.30943500E-06    0.10334736E-10    0.13512538E-03
    0.17320000E-02    0.30990257E-06    0.10350722E-10    0.13519502E-03
    0.17340000E-02    0.31047377E-06    0.10366707E-10    0.13526458E-03
    0.17360000E-02    0.31113065E-06    0.10382687E-10    0.13533404E-03
    0.17380000E-02    0.31165695E-06    0.10398667E-10    0.13540343E-03
    0.17400000E-02    0.31214202E-06    0.10414642E-10    0.13547274E-03
    0.17420000E-02    0.31276589E-06    0.10430617E-10    0.13554197E-03
    0.17440000E-02    0.31323926E-06    0.10446596E-10    0.13561115E-03
    0.17460000E-02    0.31368467E-06    0.10462574E-10    0.13568025E-03
    0.17480000E-02    0.31416878E-06    0.10478556E-10    0.13574930E-03
    0.17500000E-02    0.31439769E-06    0.10494543E-10    0.13581831E-03
    0.17520000E-02    0.31495645E-06    0.10510524E-10    0.13588721E-03
    0.17540000E-02    0.31544608E-06    0.10526504E-10    0.13595604E-03
    0.17560000E-02    0.31591715E-06    0.10542487E-10    0.13602482E-03
    0.17580000E-02    0.31641926E-06    0.10558473E-10    0.13609354E-03
    0.17600000E-02    0.31690644E-06    0.10574453E-10    0.13616216E-03
    0.17620000E-02    0.31736236E-06    0.10590427E-10    0.13623069E-03
    0.17640000E-02    0.31793749E-06    0.10606404E-10    0.13629916E-03
    0.17660000E-02    0.31847866E-06    0.10622379E-10    0.13636756E-03
    0.17680000E-02    0.31892600E-06    0.10638346E-10    0.13643585E-03
    0.17700000E-02    0.31922164E-06    0.10654311E-10    0.13650407E-03
    0.17720000E-02    0.31971470E-06    0.10670276E-10    0.13657221E-03
    0.17740000E-02    0.32010432E-06    0.10686250E-10    0.13664033E-03
    0.17760000E-02    0.32074650E-06    0.10702224E-10    0.13670838E-03
    0.17780000E-02    0.32128684E-06    0.10718194E-10    0.13677635E-03
    0.17800000E-02    0.32166254E-06    0.10734164E-10    0.13684424E-03
    0.17820000E-02    0.32215509E-06    0.10750123E-10    0.13691203E-03
    0.17840000E-02    0.32268682E-06    0.10766076E-10    0.13697972E-03
    0.17860000E-02    0.32326228E-06    0.10782023E-10    0.13704732E-03
    0.17880000E-02    0.32369831E-06    0.10797963E-10    0.13711482E-03
    0.17900000E-02    0.32413284E-06    0.10813891E-10    0.13718221E-03
    0.17920000E-02    0.32457731E-06    0.10829811E-10    0.13724950E-03
    0.17940000E-02    0.32521586E-06    0.10845720E-10    0.13731667E-03
    0.17960000E-02    0.32570382E-06    0.10861618E-10    0.13738373E-03
    0.17980000E-02    0.32602079E-06    0.10877506E-10    0.13745069E-03
    0.18000000E-02    0.32636592E-06    0.10893388E-10    0.13751755E-03
    0.18020000E-02    0.32697939E-06    0.10909257E-10    0.13758429E-03
    0.18040000E-02    0.32756768E-06    0.10925120E-10    0.13765095E-03
    0.18060000E-02    0.32805177E-06    0.10940975E-10    0.13771750E-03
    0.18080000E-02    0.32865664E-06    0.10956815E-10    0.13778393E-03
    0.18100000E-02    0.32916538E-06    0.10972645E-10    0.13785025E-03
    0.18120000E-02    0.32953874E-06    0.10988462E-10    0.13791646E-03
    0.18140000E-02    0.33017947E-06    0.11004267E-10    0.13798255E-03
    0.18160000E-02    0.33069694E-06    0.11020066E-10    0.13804856E-03
    0.18180000E-02    0.33117305E-06    0.11035860E-10    0.13811447E-03
    0.18200000E-02    0.33168339E-06    0.11051645E-10    0.13818029E-03
    0.18220000E-02    0.33218456E-06    0.11067421E-10    0.13824601E-03
