    0.20000000E-05    0.31398317E-07    0.52398348E-12    0.50012243E-04
    0.40000000E-05    0.31659385E-07    0.52981409E-12    0.50197062E-04
    0.60000000E-05    0.31930481E-07    0.53561840E-12    0.50379706E-04
    0.80000000E-05    0.32241066E-07    0.54138980E-12    0.50560010E-04
    0.10000000E-04    0.32524264E-07    0.54711430E-12    0.50737588E-04
    0.12000000E-04    0.32784306E-07    0.55278264E-12    0.50912207E-04
    0.14000000E-04    0.33028089E-07    0.55838999E-12    0.51083777E-04
    0.16000000E-04    0.33277243E-07    0.56394192E-12    0.51252524E-04
    0.18000000E-04    0.33462538E-07    0.56945281E-12    0.51418931E-04
    0.20000000E-04    0.33688430E-07    0.57492932E-12    0.51583240E-04
    0.22000000E-04    0.33911838E-07    0.58039797E-12    0.51746275E-04
    0.24000000E-04    0.34121167E-07    0.58587993E-12    0.51908682E-04
    0.26000000E-04    0.34364225E-07    0.59137142E-12    0.52070359E-04
    0.28000000E-04    0.34614595E-07    0.59687638E-12    0.52231432E-04
    0.30000000E-04    0.34834466E-07    0.60239536E-12    0.52391923E-04
    0.32000000E-04    0.35079111E-07    0.60791550E-12    0.52551470E-04
    0.34000000E-04    0.35326964E-07    0.61343492E-12    0.52710034E-04
    0.36000000E-04    0.35543834E-07    0.61896405E-12    0.52867926E-04
    0.38000000E-04    0.35767955E-07    0.62449229E-12    0.53024855E-04
    0.40000000E-04    0.36036226E-07    0.63002561E-12    0.53181004E-04
    0.42000000E-04    0.36252146E-07    0.63557001E-12    0.53336551E-04
    0.44000000E-04    0.36503623E-07    0.64112045E-12    0.53491364E-04
    0.46000000E-04    0.36729540E-07    0.64668338E-12    0.53645632E-04
    0.48000000E-04    0.36967015E-07    0.65225694E-12    0.53799309E-04
    0.50000000E-04    0.37223219E-07    0.65784263E-12    0.53952445E-04
    0.52000000E-04    0.37454262E-07    0.66344428E-12    0.54105151E-04
    0.54000000E-04    0.37657423E-07    0.66905474E-12    0.54257238E-04
    0.56000000E-04    0.37898947E-07    0.67467692E-12    0.54408792E-04
    0.58000000E-04    0.38149621E-07    0.68031190E-12    0.54559848E-04
    0.60000000E-04    0.38374918E-07    0.68596333E-12    0.54710510E-04
    0.62000000E-04    0.38627092E-07    0.69162585E-12    0.54860640E-04
    0.64000000E-04    0.38867279E-07    0.69730063E-12    0.55010275E-04
    0.66000000E-04    0.39080548E-07    0.70299064E-12    0.55159499E-04
    0.68000000E-04    0.39314416E-07    0.70868861E-12    0.55308127E-04
    0.70000000E-04    0.39555313E-07    0.71439977E-12    0.55456301E-04
    0.72000000E-04    0.39769794E-07    0.72012613E-12    0.55604079E-04
    0.74000000E-04    0.40045422E-07    0.72586728E-12    0.55751455E-04
    0.76000000E-04    0.40273350E-07    0.73163150E-12    0.55898643E-04
    0.78000000E-04    0.40483126E-07    0.73740960E-12    0.56045411E-04
    0.80000000E-04    0.40731136E-07    0.74319884E-12    0.56191696E-04
    0.82000000E-04    0.40961897E-07    0.74900638E-12    0.56337681E-04
    0.84000000E-04    0.41180160E-07    0.75482679E-12    0.56483235E-04
    0.86000000E-04    0.41441029E-07    0.76066053E-12    0.56628374E-04
    0.88000000E-04    0.41716468E-07    0.76650904E-12    0.56773137E-04
    0.90000000E-04    0.41940006E-07    0.77238153E-12    0.56917754E-04
    0.92000000E-04    0.42158482E-07    0.77827151E-12    0.57062068E-04
    0.94000000E-04    0.42396710E-07    0.78417625E-12    0.57206015E-04
    0.96000000E-04    0.42646976E-07    0.79009667E-12    0.57349619E-04
    0.98000000E-04    0.42876981E-07    0.79603259E-12    0.57492882E-04
    0.10000000E-03    0.43103234E-07    0.80198292E-12    0.57635779E-04
    0.10200000E-03    0.43352070E-07    0.80795270E-12    0.57778435E-04
    0.10400000E-03    0.43606181E-07    0.81394828E-12    0.57921002E-04
    0.10600000E-03    0.43833585E-07    0.81996087E-12    0.58063272E-04
    0.10800000E-03    0.44071879E-07    0.82599343E-12    0.58205317E-04
    0.11000000E-03    0.44329883E-07    0.83204290E-12    0.58347068E-04
    0.11200000E-03    0.44571542E-07    0.83810931E-12    0.58488527E-04
    0.11400000E-03    0.44801366E-07    0.84419024E-12    0.58629642E-04
    0.11600000E-03    0.45018352E-07    0.85028380E-12    0.58770371E-04
    0.11800000E-03    0.45257524E-07    0.85640051E-12    0.58910960E-04
    0.12000000E-03    0.45458800E-07    0.86253432E-12    0.59051272E-04
    0.12200000E-03    0.45736820E-07    0.86867351E-12    0.59191043E-04
    0.12400000E-03    0.45962441E-07    0.87483420E-12    0.59330642E-04
    0.12600000E-03    0.46209692E-07    0.88101098E-12    0.59469950E-04
    0.12800000E-03    0.46446285E-07    0.88720405E-12    0.59608973E-04
    0.13000000E-03    0.46655027E-07    0.89341247E-12    0.59747692E-04
    0.13200000E-03    0.46921801E-07    0.89963324E-12    0.59886044E-04
    0.13400000E-03    0.47154446E-07    0.90587699E-12    0.60024268E-04
    0.13600000E-03    0.47416651E-07    0.91213472E-12    0.60162165E-04
    0.13800000E-03    0.47649724E-07    0.91840714E-12    0.60299755E-04
    0.14000000E-03    0.47865448E-07    0.92469334E-12    0.60437020E-04
    0.14200000E-03    0.48115608E-07    0.93098940E-12    0.60573878E-04
    0.14400000E-03    0.48380244E-07    0.93730884E-12    0.60710625E-04
    0.14600000E-03    0.48622039E-07    0.94364796E-12    0.60847181E-04
    0.14800000E-03    0.48836672E-07    0.95000325E-12    0.60983474E-04
    0.15000000E-03    0.49082564E-07    0.95637480E-12    0.61119506E-04
    0.15200000E-03    0.49310630E-07    0.96277385E-12    0.61255519E-04
    0.15400000E-03    0.49558462E-07    0.96918563E-12    0.61391199E-04
    0.15600000E-03    0.49811725E-07    0.97560958E-12    0.61526538E-04
    0.15800000E-03    0.50048834E-07    0.98205530E-12    0.61661740E-04
    0.16000000E-03    0.50300955E-07    0.98851736E-12    0.61796692E-04
    0.16200000E-03    0.50532249E-07    0.99500107E-12    0.61931507E-04
    0.16400000E-03    0.50791430E-07    0.10014966E-11    0.62065980E-04
    0.16600000E-03    0.51021082E-07    0.10080121E-11    0.62200285E-04
    0.16800000E-03    0.51272267E-07    0.10145448E-11    0.62334365E-04
    0.17000000E-03    0.51520624E-07    0.10210981E-11    0.62468291E-04
    0.17200000E-03    0.51729326E-07    0.10276687E-11    0.62601994E-04
    0.17400000E-03    0.51979002E-07    0.10342550E-11    0.62735448E-04
    0.17600000E-03    0.52229065E-07    0.10408574E-11    0.62868660E-04
    0.17800000E-03    0.52455081E-07    0.10474793E-11    0.63001702E-04
    0.18000000E-03    0.52717096E-07    0.10541158E-11    0.63134475E-04
    0.18200000E-03    0.52951575E-07    0.10607755E-11    0.63267153E-04
    0.18400000E-03    0.53199210E-07    0.10674500E-11    0.63399569E-04
    0.18600000E-03    0.53464648E-07    0.10741413E-11    0.63531767E-04
    0.18800000E-03    0.53689224E-07    0.10808557E-11    0.63663871E-04
    0.19000000E-03    0.53945973E-07    0.10875864E-11    0.63795746E-04
    0.19200000E-03    0.54170830E-07    0.10943249E-11    0.63927231E-04
    0.19400000E-03    0.54405124E-07    0.11010860E-11    0.64058615E-04
    0.19600000E-03    0.54662445E-07    0.11078635E-11    0.64189778E-04
    0.19800000E-03    0.54913426E-07    0.11146524E-11    0.64320630E-04
    0.20000000E-03    0.55172299E-07    0.11214555E-11    0.64451220E-04
    0.20200000E-03    0.55365512E-07    0.11282825E-11    0.64581741E-04
    0.20400000E-03    0.55642368E-07    0.11351214E-11    0.64711962E-04
    0.20600000E-03    0.55875736E-07    0.11419773E-11    0.64841984E-04
    0.20800000E-03    0.56120126E-07    0.11488521E-11    0.64971841E-04
    0.21000000E-03    0.56358120E-07    0.11557486E-11    0.65101589E-04
    0.21200000E-03    0.56624827E-07    0.11626675E-11    0.65231242E-04
    0.21400000E-03    0.56851875E-07    0.11695997E-11    0.65360627E-04
    0.21600000E-03    0.57110960E-07    0.11765490E-11    0.65489820E-04
    0.21800000E-03    0.57359076E-07    0.11835135E-11    0.65618788E-04
    0.22000000E-03    0.57599930E-07    0.11904967E-11    0.65747594E-04
    0.22200000E-03    0.57865411E-07    0.11975032E-11    0.65876323E-04
    0.22400000E-03    0.58107068E-07    0.12045298E-11    0.66004920E-04
    0.22600000E-03    0.58348920E-07    0.12115725E-11    0.66133312E-04
    0.22800000E-03    0.58610713E-07    0.12186353E-11    0.66261569E-04
    0.23000000E-03    0.58868539E-07    0.12257093E-11    0.66389535E-04
    0.23200000E-03    0.59104001E-07    0.12328014E-11    0.66517334E-04
    0.23400000E-03    0.59367095E-07    0.12399091E-11    0.66644924E-04
    0.23600000E-03    0.59609698E-07    0.12470365E-11    0.66772379E-04
    0.23800000E-03    0.59842171E-07    0.12541804E-11    0.66899644E-04
    0.24000000E-03    0.60085858E-07    0.12613418E-11    0.67026735E-04
    0.24200000E-03    0.60316113E-07    0.12685258E-11    0.67153745E-04
    0.24400000E-03    0.60598912E-07    0.12757249E-11    0.67280541E-04
    0.24600000E-03    0.60825704E-07    0.12829417E-11    0.67407172E-04
    0.24800000E-03    0.61042107E-07    0.12901773E-11    0.67533657E-04
    0.25000000E-03    0.61343257E-07    0.12974244E-11    0.67659868E-04
    0.25200000E-03    0.61594309E-07    0.13046940E-11    0.67786002E-04
    0.25400000E-03    0.61842295E-07    0.13119768E-11    0.67911895E-04
    0.25600000E-03    0.62056438E-07    0.13192755E-11    0.68037596E-04
    0.25800000E-03    0.62335025E-07    0.13265881E-11    0.68163074E-04
    0.26000000E-03    0.62563248E-07    0.13339223E-11    0.68288458E-04
    0.26200000E-03    0.62825112E-07    0.13412691E-11    0.68413599E-04
    0.26400000E-03    0.63070344E-07    0.13486340E-11    0.68538590E-04
    0.26600000E-03    0.63318875E-07    0.13560194E-11    0.68663474E-04
    0.26800000E-03    0.63626220E-07    0.13634269E-11    0.68788275E-04
    0.27000000E-03    0.63834607E-07    0.13708572E-11    0.68913008E-04
    0.27200000E-03    0.64090218E-07    0.13782989E-11    0.69037480E-04
    0.27400000E-03    0.64313994E-07    0.13857581E-11    0.69161797E-04
    0.27600000E-03    0.64582395E-07    0.13932367E-11    0.69285990E-04
    0.27800000E-03    0.64836729E-07    0.14007313E-11    0.69410004E-04
    0.28000000E-03    0.65112713E-07    0.14082436E-11    0.69533868E-04
    0.28200000E-03    0.65347996E-07    0.14157831E-11    0.69657738E-04
    0.28400000E-03    0.65572415E-07    0.14233355E-11    0.69781380E-04
    0.28600000E-03    0.65838530E-07    0.14309009E-11    0.69904797E-04
    0.28800000E-03    0.66126797E-07    0.14384811E-11    0.70028021E-04
    0.29000000E-03    0.66353388E-07    0.14460786E-11    0.70151092E-04
    0.29200000E-03    0.66616278E-07    0.14536921E-11    0.70273989E-04
    0.29400000E-03    0.66839566E-07    0.14613232E-11    0.70396741E-04
    0.29600000E-03    0.67115534E-07    0.14689677E-11    0.70519282E-04
    0.29800000E-03    0.67351976E-07    0.14766327E-11    0.70641723E-04
    0.30000000E-03    0.67613982E-07    0.14843157E-11    0.70764030E-04
    0.30200000E-03    0.67865071E-07    0.14920168E-11    0.70886200E-04
    0.30400000E-03    0.68111425E-07    0.14997394E-11    0.71008292E-04
    0.30600000E-03    0.68398632E-07    0.15074781E-11    0.71130218E-04
    0.30800000E-03    0.68644470E-07    0.15152337E-11    0.71251990E-04
    0.31000000E-03    0.68910579E-07    0.15230045E-11    0.71373587E-04
    0.31200000E-03    0.69166178E-07    0.15307928E-11    0.71495043E-04
    0.31400000E-03    0.69420799E-07    0.15386009E-11    0.71616396E-04
    0.31600000E-03    0.69674525E-07    0.15464243E-11    0.71737574E-04
    0.31800000E-03    0.69916756E-07    0.15542694E-11    0.71858679E-04
    0.32000000E-03    0.70174983E-07    0.15621290E-11    0.71979599E-04
    0.32200000E-03    0.70424810E-07    0.15699983E-11    0.72100265E-04
    0.32400000E-03    0.70690734E-07    0.15778825E-11    0.72220754E-04
    0.32600000E-03    0.70912678E-07    0.15857822E-11    0.72341078E-04
    0.32800000E-03    0.71202227E-07    0.15936945E-11    0.72461195E-04
    0.33000000E-03    0.71438163E-07    0.16016294E-11    0.72581255E-04
    0.33200000E-03    0.71721572E-07    0.16095757E-11    0.72701092E-04
    0.33400000E-03    0.71996127E-07    0.16175426E-11    0.72820843E-04
    0.33600000E-03    0.72257809E-07    0.16255245E-11    0.72940427E-04
    0.33800000E-03    0.72494640E-07    0.16335307E-11    0.73059983E-04
    0.34000000E-03    0.72738628E-07    0.16415514E-11    0.73179364E-04
    0.34200000E-03    0.72976138E-07    0.16495852E-11    0.73298550E-04
    0.34400000E-03    0.73256295E-07    0.16576307E-11    0.73417522E-04
    0.34600000E-03    0.73490068E-07    0.16656958E-11    0.73536399E-04
    0.34800000E-03    0.73742954E-07    0.16737813E-11    0.73655192E-04
    0.35000000E-03    0.74038481E-07    0.16818823E-11    0.73773829E-04
    0.35200000E-03    0.74294463E-07    0.16899962E-11    0.73892275E-04
    0.35400000E-03    0.74528387E-07    0.16981271E-11    0.74010589E-04
    0.35600000E-03    0.74803325E-07    0.17062751E-11    0.74128773E-04
    0.35800000E-03    0.75068194E-07    0.17144436E-11    0.74246878E-04
    0.36000000E-03    0.75336085E-07    0.17226231E-11    0.74364766E-04
    0.36200000E-03    0.75625857E-07    0.17308250E-11    0.74482603E-04
    0.36400000E-03    0.75873867E-07    0.17390444E-11    0.74600320E-04
    0.36600000E-03    0.76126462E-07    0.17472756E-11    0.74717833E-04
    0.36800000E-03    0.76398544E-07    0.17555249E-11    0.74835235E-04
    0.37000000E-03    0.76658352E-07    0.17637882E-11    0.74952468E-04
    0.37200000E-03    0.76916320E-07    0.17720663E-11    0.75069545E-04
    0.37400000E-03    0.77191289E-07    0.17803684E-11    0.75186595E-04
    0.37600000E-03    0.77431033E-07    0.17886866E-11    0.75303509E-04
    0.37800000E-03    0.77691952E-07    0.17970208E-11    0.75420284E-04
    0.38000000E-03    0.77976339E-07    0.18053782E-11    0.75537023E-04
    0.38200000E-03    0.78244606E-07    0.18137589E-11    0.75653725E-04
    0.38400000E-03    0.78478099E-07    0.18221500E-11    0.75770213E-04
    0.38600000E-03    0.78742715E-07    0.18305545E-11    0.75886529E-04
    0.38800000E-03    0.79029018E-07    0.18389763E-11    0.76002726E-04
    0.39000000E-03    0.79269765E-07    0.18474134E-11    0.76118782E-04
    0.39200000E-03    0.79541801E-07    0.18558707E-11    0.76234760E-04
    0.39400000E-03    0.79791307E-07    0.18643374E-11    0.76350515E-04
    0.39600000E-03    0.80121744E-07    0.18728204E-11    0.76466141E-04
    0.39800000E-03    0.80338795E-07    0.18813279E-11    0.76581752E-04
    0.40000000E-03    0.80608023E-07    0.18898561E-11    0.76697294E-04
    0.40200000E-03    0.80870090E-07    0.18983966E-11    0.76812656E-04
    0.40400000E-03    0.81145439E-07    0.19069499E-11    0.76927844E-04
    0.40600000E-03    0.81398607E-07    0.19155246E-11    0.77042975E-04
    0.40800000E-03    0.81664192E-07    0.19241154E-11    0.77157977E-04
    0.41000000E-03    0.81882067E-07    0.19327190E-11    0.77272810E-04
    0.41200000E-03    0.82160289E-07    0.19413336E-11    0.77387448E-04
    0.41400000E-03    0.82451764E-07    0.19499657E-11    0.77501978E-04
    0.41600000E-03    0.82789008E-07    0.19586113E-11    0.77616350E-04
    0.41800000E-03    0.83036412E-07    0.19672801E-11    0.77730691E-04
    0.42000000E-03    0.83271852E-07    0.19759639E-11    0.77844894E-04
    0.42200000E-03    0.83553994E-07    0.19846628E-11    0.77958960E-04
    0.42400000E-03    0.83802061E-07    0.19933746E-11    0.78072862E-04
    0.42600000E-03    0.84064848E-07    0.20021046E-11    0.78186671E-04
    0.42800000E-03    0.84337892E-07    0.20108490E-11    0.78300335E-04
    0.43000000E-03    0.84637726E-07    0.20196092E-11    0.78413874E-04
    0.43200000E-03    0.84917415E-07    0.20283902E-11    0.78527354E-04
    0.43400000E-03    0.85183014E-07    0.20371880E-11    0.78640723E-04
    0.43600000E-03    0.85475887E-07    0.20460049E-11    0.78754012E-04
    0.43800000E-03    0.85731413E-07    0.20548401E-11    0.78867209E-04
    0.44000000E-03    0.85986373E-07    0.20636926E-11    0.78980304E-04
    0.44200000E-03    0.86257807E-07    0.20725563E-11    0.79093218E-04
    0.44400000E-03    0.86535760E-07    0.20814339E-11    0.79205986E-04
    0.44600000E-03    0.86807734E-07    0.20903356E-11    0.79318739E-04
    0.44800000E-03    0.87096638E-07    0.20992511E-11    0.79431346E-04
    0.45000000E-03    0.87338337E-07    0.21081872E-11    0.79543895E-04
    0.45200000E-03    0.87601531E-07    0.21171398E-11    0.79656333E-04
    0.45400000E-03    0.87882275E-07    0.21261066E-11    0.79768631E-04
    0.45600000E-03    0.88151678E-07    0.21350808E-11    0.79880707E-04
    0.45800000E-03    0.88423653E-07    0.21440734E-11    0.79992698E-04
    0.46000000E-03    0.88685669E-07    0.21530834E-11    0.80104592E-04
    0.46200000E-03    0.88956486E-07    0.21621082E-11    0.80216357E-04
    0.46400000E-03    0.89230621E-07    0.21711504E-11    0.80328027E-04
    0.46600000E-03    0.89474338E-07    0.21802112E-11    0.80439615E-04
    0.46800000E-03    0.89741154E-07    0.21892816E-11    0.80551013E-04
    0.47000000E-03    0.90020062E-07    0.21983687E-11    0.80662307E-04
    0.47200000E-03    0.90295952E-07    0.22074679E-11    0.80773444E-04
    0.47400000E-03    0.90637580E-07    0.22165742E-11    0.80884361E-04
    0.47600000E-03    0.90906274E-07    0.22257074E-11    0.80995301E-04
    0.47800000E-03    0.91163657E-07    0.22348523E-11    0.81106079E-04
    0.48000000E-03    0.91484601E-07    0.22440121E-11    0.81216736E-04
    0.48200000E-03    0.91721537E-07    0.22531904E-11    0.81327314E-04
    0.48400000E-03    0.92013238E-07    0.22623827E-11    0.81437760E-04
    0.48600000E-03    0.92300255E-07    0.22715931E-11    0.81548124E-04
    0.48800000E-03    0.92606130E-07    0.22808231E-11    0.81658425E-04
    0.49000000E-03    0.92850374E-07    0.22900695E-11    0.81768623E-04
    0.49200000E-03    0.93142965E-07    0.22993331E-11    0.81878729E-04
    0.49400000E-03    0.93404555E-07    0.23086158E-11    0.81988766E-04
    0.49600000E-03    0.93693399E-07    0.23179150E-11    0.82098703E-04
    0.49800000E-03    0.93952034E-07    0.23272342E-11    0.82208582E-04
    0.50000000E-03    0.94262623E-07    0.23365584E-11    0.82318228E-04
    0.50200000E-03    0.94461148E-07    0.23459017E-11    0.82427805E-04
    0.50400000E-03    0.94777786E-07    0.23552500E-11    0.82537150E-04
    0.50600000E-03    0.95081964E-07    0.23646160E-11    0.82646412E-04
    0.50800000E-03    0.95364485E-07    0.23739972E-11    0.82755563E-04
    0.51000000E-03    0.95624754E-07    0.23833957E-11    0.82864627E-04
    0.51200000E-03    0.95903201E-07    0.23928011E-11    0.82973484E-04
    0.51400000E-03    0.96164919E-07    0.24022286E-11    0.83082313E-04
    0.51600000E-03    0.96469062E-07    0.24116706E-11    0.83191022E-04
    0.51800000E-03    0.96743109E-07    0.24211338E-11    0.83299691E-04
    0.52000000E-03    0.97031761E-07    0.24306123E-11    0.83408253E-04
    0.52200000E-03    0.97345284E-07    0.24401054E-11    0.83516699E-04
    0.52400000E-03    0.97624428E-07    0.24496192E-11    0.83625101E-04
    0.52600000E-03    0.97893075E-07    0.24591536E-11    0.83733455E-04
    0.52800000E-03    0.98196676E-07    0.24686997E-11    0.83841663E-04
    0.53000000E-03    0.98458636E-07    0.24782595E-11    0.83949747E-04
    0.53200000E-03    0.98761560E-07    0.24878341E-11    0.84057719E-04
    0.53400000E-03    0.99036012E-07    0.24974229E-11    0.84165575E-04
    0.53600000E-03    0.99303166E-07    0.25070205E-11    0.84273253E-04
    0.53800000E-03    0.99580374E-07    0.25166356E-11    0.84380853E-04
    0.54000000E-03    0.99860563E-07    0.25262656E-11    0.84488344E-04
    0.54200000E-03    0.10017664E-06    0.25359102E-11    0.84595725E-04
    0.54400000E-03    0.10047288E-06    0.25455695E-11    0.84702998E-04
    0.54600000E-03    0.10074265E-06    0.25552479E-11    0.84810211E-04
    0.54800000E-03    0.10103777E-06    0.25649398E-11    0.84917303E-04
    0.55000000E-03    0.10131403E-06    0.25746435E-11    0.85024255E-04
    0.55200000E-03    0.10159677E-06    0.25843623E-11    0.85131103E-04
    0.55400000E-03    0.10189757E-06    0.25940951E-11    0.85237838E-04
    0.55600000E-03    0.10214955E-06    0.26038431E-11    0.85344473E-04
    0.55800000E-03    0.10243063E-06    0.26136054E-11    0.85450997E-04
    0.56000000E-03    0.10268917E-06    0.26233814E-11    0.85557406E-04
    0.56200000E-03    0.10297854E-06    0.26331692E-11    0.85663678E-04
    0.56400000E-03    0.10330859E-06    0.26429764E-11    0.85769898E-04
    0.56600000E-03    0.10364175E-06    0.26528008E-11    0.85876040E-04
    0.56800000E-03    0.10390096E-06    0.26626468E-11    0.85982153E-04
    0.57000000E-03    0.10420878E-06    0.26725071E-11    0.86088158E-04
    0.57200000E-03    0.10450393E-06    0.26823754E-11    0.86193990E-04
    0.57400000E-03    0.10480082E-06    0.26922592E-11    0.86299726E-04
    0.57600000E-03    0.10512914E-06    0.27021612E-11    0.86405399E-04
    0.57800000E-03    0.10537277E-06    0.27120812E-11    0.86511006E-04
    0.58000000E-03    0.10566688E-06    0.27220134E-11    0.86616483E-04
    0.58200000E-03    0.10595125E-06    0.27319574E-11    0.86721831E-04
    0.58400000E-03    0.10627406E-06    0.27419127E-11    0.86827041E-04
    0.58600000E-03    0.10658079E-06    0.27518879E-11    0.86932208E-04
    0.58800000E-03    0.10683640E-06    0.27618803E-11    0.87037301E-04
    0.59000000E-03    0.10718257E-06    0.27718816E-11    0.87142234E-04
    0.59200000E-03    0.10742983E-06    0.27819008E-11    0.87247102E-04
    0.59400000E-03    0.10772382E-06    0.27919419E-11    0.87351947E-04
    0.59600000E-03    0.10803335E-06    0.28019934E-11    0.87456649E-04
    0.59800000E-03    0.10831064E-06    0.28120672E-11    0.87561333E-04
    0.60000000E-03    0.10861479E-06    0.28221546E-11    0.87665907E-04
    0.60200000E-03    0.10896149E-06    0.28322661E-11    0.87770482E-04
    0.60400000E-03    0.10926203E-06    0.28423914E-11    0.87874950E-04
    0.60600000E-03    0.10949048E-06    0.28525271E-11    0.87979277E-04
    0.60800000E-03    0.10979961E-06    0.28626705E-11    0.88083437E-04
    0.61000000E-03    0.11011575E-06    0.28728145E-11    0.88187357E-04
    0.61200000E-03    0.11040872E-06    0.28829754E-11    0.88291204E-04
    0.61400000E-03    0.11070762E-06    0.28931475E-11    0.88394923E-04
    0.61600000E-03    0.11097266E-06    0.29033322E-11    0.88498527E-04
    0.61800000E-03    0.11133691E-06    0.29135314E-11    0.88602035E-04
    0.62000000E-03    0.11158627E-06    0.29237441E-11    0.88705439E-04
    0.62200000E-03    0.11190075E-06    0.29339708E-11    0.88808744E-04
    0.62400000E-03    0.11226297E-06    0.29442137E-11    0.88911972E-04
    0.62600000E-03    0.11254686E-06    0.29544730E-11    0.89015125E-04
    0.62800000E-03    0.11288132E-06    0.29647407E-11    0.89118124E-04
    0.63000000E-03    0.11316127E-06    0.29750268E-11    0.89221070E-04
    0.63200000E-03    0.11344653E-06    0.29853237E-11    0.89323885E-04
    0.63400000E-03    0.11372970E-06    0.29956353E-11    0.89426612E-04
    0.63600000E-03    0.11407653E-06    0.30059642E-11    0.89529274E-04
    0.63800000E-03    0.11437487E-06    0.30163142E-11    0.89631911E-04
    0.64000000E-03    0.11463360E-06    0.30266845E-11    0.89734514E-04
    0.64200000E-03    0.11494138E-06    0.30370619E-11    0.89836953E-04
    0.64400000E-03    0.11527608E-06    0.30474517E-11    0.89939280E-04
    0.64600000E-03    0.11558576E-06    0.30578503E-11    0.90041462E-04
    0.64800000E-03    0.11595248E-06    0.30682683E-11    0.90143602E-04
    0.65000000E-03    0.11622479E-06    0.30786982E-11    0.90245628E-04
    0.65200000E-03    0.11652550E-06    0.30891386E-11    0.90347526E-04
    0.65400000E-03    0.11686457E-06    0.30996007E-11    0.90449405E-04
    0.65600000E-03    0.11710712E-06    0.31100783E-11    0.90551206E-04
    0.65800000E-03    0.11746971E-06    0.31205542E-11    0.90652762E-04
    0.66000000E-03    0.11777796E-06    0.31310572E-11    0.90754353E-04
    0.66200000E-03    0.11808287E-06    0.31415672E-11    0.90855785E-04
    0.66400000E-03    0.11843235E-06    0.31520911E-11    0.90957123E-04
    0.66600000E-03    0.11872953E-06    0.31626382E-11    0.91058460E-04
    0.66800000E-03    0.11905288E-06    0.31731928E-11    0.91159643E-04
    0.67000000E-03    0.11937059E-06    0.31837688E-11    0.91260806E-04
    0.67200000E-03    0.11964307E-06    0.31943638E-11    0.91361928E-04
    0.67400000E-03    0.11994611E-06    0.32049666E-11    0.91462900E-04
    0.67600000E-03    0.12031272E-06    0.32155691E-11    0.91563646E-04
    0.67800000E-03    0.12062647E-06    0.32261928E-11    0.91664372E-04
    0.68000000E-03    0.12097083E-06    0.32368245E-11    0.91764953E-04
    0.68200000E-03    0.12126907E-06    0.32474647E-11    0.91865394E-04
    0.68400000E-03    0.12159655E-06    0.32581196E-11    0.91965754E-04
    0.68600000E-03    0.12187398E-06    0.32687874E-11    0.92066017E-04
    0.68800000E-03    0.12222795E-06    0.32794663E-11    0.92166166E-04
    0.69000000E-03    0.12250770E-06    0.32901677E-11    0.92266307E-04
    0.69200000E-03    0.12281772E-06    0.33008746E-11    0.92366284E-04
    0.69400000E-03    0.12313447E-06    0.33115973E-11    0.92466192E-04
    0.69600000E-03    0.12349507E-06    0.33223344E-11    0.92566018E-04
    0.69800000E-03    0.12378571E-06    0.33330857E-11    0.92665760E-04
    0.70000000E-03    0.12410501E-06    0.33438480E-11    0.92765390E-04
    0.70200000E-03    0.12445089E-06    0.33546256E-11    0.92864947E-04
    0.70400000E-03    0.12473922E-06    0.33654128E-11    0.92964380E-04
    0.70600000E-03    0.12512048E-06    0.33762156E-11    0.93063744E-04
    0.70800000E-03    0.12546431E-06    0.33870355E-11    0.93163053E-04
    0.71000000E-03    0.12578546E-06    0.33978660E-11    0.93262248E-04
    0.71200000E-03    0.12609451E-06    0.34087058E-11    0.93361317E-04
    0.71400000E-03    0.12639519E-06    0.34195573E-11    0.93460283E-04
    0.71600000E-03    0.12677607E-06    0.34304250E-11    0.93559187E-04
    0.71800000E-03    0.12705151E-06    0.34413091E-11    0.93658031E-04
    0.72000000E-03    0.12737631E-06    0.34522093E-11    0.93756813E-04
    0.72200000E-03    0.12771732E-06    0.34631243E-11    0.93855521E-04
    0.72400000E-03    0.12803522E-06    0.34740468E-11    0.93954089E-04
    0.72600000E-03    0.12841927E-06    0.34849798E-11    0.94052545E-04
    0.72800000E-03    0.12875185E-06    0.34959283E-11    0.94150934E-04
    0.73000000E-03    0.12908143E-06    0.35068911E-11    0.94249247E-04
    0.73200000E-03    0.12941879E-06    0.35178751E-11    0.94347545E-04
    0.73400000E-03    0.12980131E-06    0.35288703E-11    0.94445738E-04
    0.73600000E-03    0.13014805E-06    0.35398836E-11    0.94543888E-04
    0.73800000E-03    0.13044485E-06    0.35509106E-11    0.94641957E-04
    0.74000000E-03    0.13074793E-06    0.35619511E-11    0.94739942E-04
    0.74200000E-03    0.13105827E-06    0.35729956E-11    0.94837761E-04
    0.74400000E-03    0.13143839E-06    0.35840502E-11    0.94935467E-04
    0.74600000E-03    0.13179758E-06    0.35951167E-11    0.95033078E-04
    0.74800000E-03    0.13211245E-06    0.36061957E-11    0.95130598E-04
    0.75000000E-03    0.13241770E-06    0.36172785E-11    0.95227953E-04
    0.75200000E-03    0.13278286E-06    0.36283719E-11    0.95325201E-04
    0.75400000E-03    0.13312477E-06    0.36394747E-11    0.95422334E-04
    0.75600000E-03    0.13344107E-06    0.36505942E-11    0.95519414E-04
    0.75800000E-03    0.13375476E-06    0.36617235E-11    0.95616384E-04
    0.76000000E-03    0.13417423E-06    0.36728732E-11    0.95713333E-04
    0.76200000E-03    0.13446756E-06    0.36840411E-11    0.95810246E-04
    0.76400000E-03    0.13480908E-06    0.36952151E-11    0.95907015E-04
    0.76600000E-03    0.13518130E-06    0.37063945E-11    0.96003635E-04
    0.76800000E-03    0.13553563E-06    0.37175895E-11    0.96100197E-04
    0.77000000E-03    0.13589111E-06    0.37287986E-11    0.96196685E-04
    0.77200000E-03    0.13616015E-06    0.37400175E-11    0.96293065E-04
    0.77400000E-03    0.13645632E-06    0.37512468E-11    0.96389341E-04
    0.77600000E-03    0.13682810E-06    0.37624917E-11    0.96485558E-04
    0.77800000E-03    0.13719279E-06    0.37737460E-11    0.96581665E-04
    0.78000000E-03    0.13749579E-06    0.37850085E-11    0.96677650E-04
    0.78200000E-03    0.13783901E-06    0.37962888E-11    0.96773596E-04
    0.78400000E-03    0.13827481E-06    0.38075886E-11    0.96869518E-04
    0.78600000E-03    0.13864297E-06    0.38188984E-11    0.96965335E-04
    0.78800000E-03    0.13897645E-06    0.38302143E-11    0.97061013E-04
    0.79000000E-03    0.13931914E-06    0.38415403E-11    0.97156589E-04
    0.79200000E-03    0.13962708E-06    0.38528840E-11    0.97252127E-04
    0.79400000E-03    0.13997989E-06    0.38642382E-11    0.97347565E-04
    0.79600000E-03    0.14041308E-06    0.38756047E-11    0.97442920E-04
    0.79800000E-03    0.14070379E-06    0.38869796E-11    0.97538158E-04
    0.80000000E-03    0.14101394E-06    0.38983647E-11    0.97633296E-04
    0.80200000E-03    0.14139269E-06    0.39097576E-11    0.97728315E-04
    0.80400000E-03    0.14181036E-06    0.39211609E-11    0.97823235E-04
    0.80600000E-03    0.14215312E-06    0.39325836E-11    0.97918131E-04
    0.80800000E-03    0.14246368E-06    0.39440138E-11    0.98012908E-04
    0.81000000E-03    0.14286474E-06    0.39554458E-11    0.98107515E-04
    0.81200000E-03    0.14326227E-06    0.39668890E-11    0.98202033E-04
    0.81400000E-03    0.14364465E-06    0.39783554E-11    0.98296561E-04
    0.81600000E-03    0.14408446E-06    0.39898324E-11    0.98390994E-04
    0.81800000E-03    0.14440892E-06    0.40013254E-11    0.98485377E-04
    0.82000000E-03    0.14469806E-06    0.40128312E-11    0.98579685E-04
    0.82200000E-03    0.14498189E-06    0.40243414E-11    0.98673849E-04
    0.82400000E-03    0.14530634E-06    0.40358576E-11    0.98767882E-04
    0.82600000E-03    0.14570390E-06    0.40473789E-11    0.98861778E-04
    0.82800000E-03    0.14610445E-06    0.40589095E-11    0.98955572E-04
    0.83000000E-03    0.14646600E-06    0.40704572E-11    0.99049327E-04
    0.83200000E-03    0.14686667E-06    0.40820182E-11    0.99143012E-04
    0.83400000E-03    0.14724417E-06    0.40935966E-11    0.99236661E-04
    0.83600000E-03    0.14757078E-06    0.41051882E-11    0.99330240E-04
    0.83800000E-03    0.14799991E-06    0.41167862E-11    0.99423696E-04
    0.84000000E-03    0.14839876E-06    0.41283992E-11    0.99517096E-04
    0.84200000E-03    0.14874238E-06    0.41400242E-11    0.99610416E-04
    0.84400000E-03    0.14906603E-06    0.41516572E-11    0.99703628E-04
    0.84600000E-03    0.14944126E-06    0.41632966E-11    0.99796716E-04
    0.84800000E-03    0.14977718E-06    0.41749474E-11    0.99889721E-04
    0.85000000E-03    0.15022401E-06    0.41866047E-11    0.99982606E-04
    0.85200000E-03    0.15058020E-06    0.41982798E-11    0.10007546E-03
    0.85400000E-03    0.15090288E-06    0.42099739E-11    0.10016829E-03
    0.85600000E-03    0.15129615E-06    0.42216799E-11    0.10026105E-03
    0.85800000E-03    0.15168442E-06    0.42334065E-11    0.10035379E-03
    0.86000000E-03    0.15203166E-06    0.42451355E-11    0.10044639E-03
    0.86200000E-03    0.15239064E-06    0.42568759E-11    0.10053890E-03
    0.86400000E-03    0.15280557E-06    0.42686364E-11    0.10063140E-03
    0.86600000E-03    0.15322355E-06    0.42804070E-11    0.10072381E-03
    0.86800000E-03    0.15357252E-06    0.42921955E-11    0.10081619E-03
    0.87000000E-03    0.15389165E-06    0.43039854E-11    0.10090842E-03
    0.87200000E-03    0.15430223E-06    0.43157882E-11    0.10100057E-03
    0.87400000E-03    0.15470437E-06    0.43276010E-11    0.10109264E-03
    0.87600000E-03    0.15515929E-06    0.43394266E-11    0.10118464E-03
    0.87800000E-03    0.15558653E-06    0.43512626E-11    0.10127655E-03
    0.88000000E-03    0.15596948E-06    0.43631091E-11    0.10136838E-03
    0.88200000E-03    0.15630748E-06    0.43749639E-11    0.10146010E-03
    0.88400000E-03    0.15676051E-06    0.43868270E-11    0.10155172E-03
    0.88600000E-03    0.15716823E-06    0.43987028E-11    0.10164328E-03
    0.88800000E-03    0.15754572E-06    0.44105923E-11    0.10173478E-03
    0.89000000E-03    0.15798096E-06    0.44224862E-11    0.10182614E-03
    0.89200000E-03    0.15828164E-06    0.44343838E-11    0.10191737E-03
    0.89400000E-03    0.15874293E-06    0.44462829E-11    0.10200845E-03
    0.89600000E-03    0.15911107E-06    0.44581970E-11    0.10209948E-03
    0.89800000E-03    0.15952853E-06    0.44701218E-11    0.10219044E-03
    0.90000000E-03    0.15993192E-06    0.44820667E-11    0.10228138E-03
    0.90200000E-03    0.16039710E-06    0.44940226E-11    0.10237224E-03
    0.90400000E-03    0.16065665E-06    0.45059936E-11    0.10246306E-03
    0.90600000E-03    0.16109125E-06    0.45179688E-11    0.10255375E-03
    0.90800000E-03    0.16146087E-06    0.45299517E-11    0.10264434E-03
    0.91000000E-03    0.16178260E-06    0.45419449E-11    0.10273484E-03
    0.91200000E-03    0.16220842E-06    0.45539479E-11    0.10282526E-03
    0.91400000E-03    0.16272235E-06    0.45659713E-11    0.10291567E-03
    0.91600000E-03    0.16308798E-06    0.45780153E-11    0.10300608E-03
    0.91800000E-03    0.16352741E-06    0.45900676E-11    0.10309640E-03
    0.92000000E-03    0.16397178E-06    0.46021374E-11    0.10318668E-03
    0.92200000E-03    0.16442734E-06    0.46142212E-11    0.10327692E-03
    0.92400000E-03    0.16476029E-06    0.46263153E-11    0.10336707E-03
    0.92600000E-03    0.16521700E-06    0.46384111E-11    0.10345708E-03
    0.92800000E-03    0.16567001E-06    0.46505152E-11    0.10354699E-03
    0.93000000E-03    0.16599901E-06    0.46626221E-11    0.10363677E-03
    0.93200000E-03    0.16645545E-06    0.46747302E-11    0.10372640E-03
    0.93400000E-03    0.16686427E-06    0.46868551E-11    0.10381600E-03
    0.93600000E-03    0.16720612E-06    0.46989888E-11    0.10390552E-03
    0.93800000E-03    0.16765973E-06    0.47111307E-11    0.10399493E-03
    0.94000000E-03    0.16806579E-06    0.47232849E-11    0.10408429E-03
    0.94200000E-03    0.16834341E-06    0.47354438E-11    0.10417352E-03
    0.94400000E-03    0.16878383E-06    0.47476135E-11    0.10426269E-03
    0.94600000E-03    0.16927936E-06    0.47597930E-11    0.10435177E-03
    0.94800000E-03    0.16972332E-06    0.47719814E-11    0.10444077E-03
    0.95000000E-03    0.17005531E-06    0.47841859E-11    0.10452973E-03
    0.95200000E-03    0.17054112E-06    0.47963955E-11    0.10461857E-03
    0.95400000E-03    0.17096563E-06    0.48086197E-11    0.10470738E-03
    0.95600000E-03    0.17135530E-06    0.48208599E-11    0.10479614E-03
    0.95800000E-03    0.17175896E-06    0.48331185E-11    0.10488489E-03
    0.96000000E-03    0.17216772E-06    0.48453885E-11    0.10497358E-03
    0.96200000E-03    0.17261335E-06    0.48576655E-11    0.10506216E-03
    0.96400000E-03    0.17304889E-06    0.48699476E-11    0.10515063E-03
    0.96600000E-03    0.17346681E-06    0.48822463E-11    0.10523908E-03
    0.96800000E-03    0.17382319E-06    0.48945511E-11    0.10532741E-03
    0.97000000E-03    0.17425925E-06    0.49068575E-11    0.10541561E-03
    0.97200000E-03    0.17468763E-06    0.49191806E-11    0.10550379E-03
    0.97400000E-03    0.17510107E-06    0.49315135E-11    0.10559188E-03
    0.97600000E-03    0.17548350E-06    0.49438550E-11    0.10567989E-03
    0.97800000E-03    0.17591036E-06    0.49561999E-11    0.10576778E-03
    0.98000000E-03    0.17638913E-06    0.49685548E-11    0.10585560E-03
    0.98200000E-03    0.17690188E-06    0.49809150E-11    0.10594330E-03
    0.98400000E-03    0.17736787E-06    0.49932909E-11    0.10603097E-03
    0.98600000E-03    0.17777996E-06    0.50056820E-11    0.10611861E-03
    0.98800000E-03    0.17818195E-06    0.50180889E-11    0.10620621E-03
    0.99000000E-03    0.17864732E-06    0.50305026E-11    0.10629372E-03
    0.99200000E-03    0.17899025E-06    0.50429209E-11    0.10638111E-03
    0.99400000E-03    0.17936396E-06    0.50553435E-11    0.10646839E-03
    0.99600000E-03    0.17977205E-06    0.50677720E-11    0.10655557E-03
    0.99800000E-03    0.18024357E-06    0.50802087E-11    0.10664266E-03
    0.10000000E-02    0.18070102E-06    0.50926516E-11    0.10672966E-03
    0.10020000E-02    0.18109451E-06    0.51051061E-11    0.10681659E-03
    0.10040000E-02    0.18148856E-06    0.51175631E-11    0.10690340E-03
    0.10060000E-02    0.18191705E-06    0.51300240E-11    0.10699010E-03
    0.10080000E-02    0.18247639E-06    0.51424995E-11    0.10707676E-03
    0.10100000E-02    0.18299494E-06    0.51549871E-11    0.10716336E-03
    0.10120000E-02    0.18348498E-06    0.51674904E-11    0.10724993E-03
    0.10140000E-02    0.18395135E-06    0.51799932E-11    0.10733636E-03
    0.10160000E-02    0.18446111E-06    0.51925050E-11    0.10742271E-03
    0.10180000E-02    0.18488951E-06    0.52050332E-11    0.10750904E-03
    0.10200000E-02    0.18519775E-06    0.52175716E-11    0.10759529E-03
    0.10220000E-02    0.18566446E-06    0.52301160E-11    0.10768145E-03
    0.10240000E-02    0.18605903E-06    0.52426731E-11    0.10776756E-03
    0.10260000E-02    0.18653007E-06    0.52552367E-11    0.10785358E-03
    0.10280000E-02    0.18695978E-06    0.52678086E-11    0.10793951E-03
    0.10300000E-02    0.18748514E-06    0.52803834E-11    0.10802533E-03
    0.10320000E-02    0.18791467E-06    0.52929624E-11    0.10811105E-03
    0.10340000E-02    0.18839789E-06    0.53055542E-11    0.10819671E-03
    0.10360000E-02    0.18882531E-06    0.53181611E-11    0.10828234E-03
    0.10380000E-02    0.18935902E-06    0.53307674E-11    0.10836783E-03
    0.10400000E-02    0.18974839E-06    0.53433777E-11    0.10845321E-03
    0.10420000E-02    0.19029282E-06    0.53559944E-11    0.10853850E-03
    0.10440000E-02    0.19068190E-06    0.53686309E-11    0.10862380E-03
    0.10460000E-02    0.19111968E-06    0.53812777E-11    0.10870902E-03
    0.10480000E-02    0.19162245E-06    0.53939278E-11    0.10879414E-03
    0.10500000E-02    0.19218806E-06    0.54065950E-11    0.10887924E-03
    0.10520000E-02    0.19254175E-06    0.54192699E-11    0.10896426E-03
    0.10540000E-02    0.19306210E-06    0.54319425E-11    0.10904912E-03
    0.10560000E-02    0.19357387E-06    0.54446286E-11    0.10913395E-03
    0.10580000E-02    0.19404461E-06    0.54573233E-11    0.10921871E-03
    0.10600000E-02    0.19449145E-06    0.54700299E-11    0.10930341E-03
    0.10620000E-02    0.19494244E-06    0.54827443E-11    0.10938803E-03
    0.10640000E-02    0.19545389E-06    0.54954660E-11    0.10947257E-03
    0.10660000E-02    0.19590607E-06    0.55081982E-11    0.10955705E-03
    0.10680000E-02    0.19643566E-06    0.55209286E-11    0.10964138E-03
    0.10700000E-02    0.19699456E-06    0.55336648E-11    0.10972563E-03
    0.10720000E-02    0.19749937E-06    0.55464113E-11    0.10980981E-03
    0.10740000E-02    0.19802281E-06    0.55591679E-11    0.10989394E-03
    0.10760000E-02    0.19840054E-06    0.55719422E-11    0.10997805E-03
    0.10780000E-02    0.19890026E-06    0.55847232E-11    0.11006207E-03
    0.10800000E-02    0.19941673E-06    0.55975119E-11    0.11014602E-03
    0.10820000E-02    0.19975199E-06    0.56103177E-11    0.11022995E-03
    0.10840000E-02    0.20034296E-06    0.56231333E-11    0.11031382E-03
    0.10860000E-02    0.20076878E-06    0.56359672E-11    0.11039768E-03
    0.10880000E-02    0.20126687E-06    0.56488087E-11    0.11048146E-03
    0.10900000E-02    0.20178397E-06    0.56616649E-11    0.11056522E-03
    0.10920000E-02    0.20226288E-06    0.56745235E-11    0.11064886E-03
    0.10940000E-02    0.20286416E-06    0.56873889E-11    0.11073242E-03
    0.10960000E-02    0.20322361E-06    0.57002648E-11    0.11081592E-03
    0.10980000E-02    0.20365143E-06    0.57131436E-11    0.11089931E-03
    0.11000000E-02    0.20415388E-06    0.57260249E-11    0.11098259E-03
    0.11020000E-02    0.20469369E-06    0.57389095E-11    0.11106578E-03
    0.11040000E-02    0.20513601E-06    0.57518033E-11    0.11114889E-03
    0.11060000E-02    0.20558719E-06    0.57647096E-11    0.11123196E-03
    0.11080000E-02    0.20610146E-06    0.57776216E-11    0.11131495E-03
    0.11100000E-02    0.20649255E-06    0.57905393E-11    0.11139785E-03
    0.11120000E-02    0.20703227E-06    0.58034656E-11    0.11148068E-03
    0.11140000E-02    0.20759851E-06    0.58164084E-11    0.11156349E-03
    0.11160000E-02    0.20807418E-06    0.58293608E-11    0.11164624E-03
    0.11180000E-02    0.20861968E-06    0.58423196E-11    0.11172891E-03
    0.11200000E-02    0.20915533E-06    0.58552928E-11    0.11181155E-03
    0.11220000E-02    0.20959940E-06    0.58682693E-11    0.11189409E-03
    0.11240000E-02    0.21012165E-06    0.58812489E-11    0.11197652E-03
    0.11260000E-02    0.21071841E-06    0.58942317E-11    0.11205886E-03
    0.11280000E-02    0.21112137E-06    0.59072170E-11    0.11214109E-03
    0.11300000E-02    0.21172049E-06    0.59202078E-11    0.11222323E-03
    0.11320000E-02    0.21231230E-06    0.59332075E-11    0.11230531E-03
    0.11340000E-02    0.21281676E-06    0.59462162E-11    0.11238733E-03
    0.11360000E-02    0.21323658E-06    0.59592313E-11    0.11246927E-03
    0.11380000E-02    0.21380057E-06    0.59722459E-11    0.11255109E-03
    0.11400000E-02    0.21422028E-06    0.59852657E-11    0.11263282E-03
    0.11420000E-02    0.21479551E-06    0.59982966E-11    0.11271450E-03
    0.11440000E-02    0.21532807E-06    0.60113291E-11    0.11279607E-03
    0.11460000E-02    0.21571492E-06    0.60243765E-11    0.11287762E-03
    0.11480000E-02    0.21628177E-06    0.60374373E-11    0.11295913E-03
    0.11500000E-02    0.21678822E-06    0.60505094E-11    0.11304060E-03
    0.11520000E-02    0.21726132E-06    0.60635908E-11    0.11312200E-03
    0.11540000E-02    0.21788810E-06    0.60766737E-11    0.11320330E-03
    0.11560000E-02    0.21831996E-06    0.60897653E-11    0.11328454E-03
    0.11580000E-02    0.21890844E-06    0.61028629E-11    0.11336570E-03
    0.11600000E-02    0.21939587E-06    0.61159674E-11    0.11344678E-03
    0.11620000E-02    0.22004390E-06    0.61290796E-11    0.11352780E-03
    0.11640000E-02    0.22042340E-06    0.61421968E-11    0.11360873E-03
    0.11660000E-02    0.22094145E-06    0.61553181E-11    0.11368957E-03
    0.11680000E-02    0.22140684E-06    0.61684410E-11    0.11377031E-03
    0.11700000E-02    0.22190344E-06    0.61815749E-11    0.11385100E-03
    0.11720000E-02    0.22232975E-06    0.61947177E-11    0.11393163E-03
    0.11740000E-02    0.22271912E-06    0.62078609E-11    0.11401215E-03
    0.11760000E-02    0.22335393E-06    0.62210053E-11    0.11409256E-03
    0.11780000E-02    0.22390963E-06    0.62341602E-11    0.11417292E-03
    0.11800000E-02    0.22440233E-06    0.62473255E-11    0.11425324E-03
    0.11820000E-02    0.22502147E-06    0.62604978E-11    0.11433348E-03
    0.11840000E-02    0.22557221E-06    0.62736830E-11    0.11441369E-03
    0.11860000E-02    0.22609390E-06    0.62868781E-11    0.11449385E-03
    0.11880000E-02    0.22659413E-06    0.63000718E-11    0.11457388E-03
    0.11900000E-02    0.22714132E-06    0.63132826E-11    0.11465391E-03
    0.11920000E-02    0.22771773E-06    0.63264997E-11    0.11473387E-03
    0.11940000E-02    0.22823204E-06    0.63397294E-11    0.11481379E-03
    0.11960000E-02    0.22876864E-06    0.63529637E-11    0.11489362E-03
    0.11980000E-02    0.22929339E-06    0.63662000E-11    0.11497336E-03
    0.12000000E-02    0.22982437E-06    0.63794507E-11    0.11505307E-03
    0.12020000E-02    0.23044068E-06    0.63927068E-11    0.11513271E-03
    0.12040000E-02    0.23117934E-06    0.64059721E-11    0.11521229E-03
    0.12060000E-02    0.23158882E-06    0.64192536E-11    0.11529186E-03
    0.12080000E-02    0.23212628E-06    0.64325402E-11    0.11537135E-03
    0.12100000E-02    0.23283082E-06    0.64458327E-11    0.11545076E-03
    0.12120000E-02    0.23336333E-06    0.64591348E-11    0.11553013E-03
    0.12140000E-02    0.23380327E-06    0.64724373E-11    0.11560938E-03
    0.12160000E-02    0.23438248E-06    0.64857497E-11    0.11568859E-03
    0.12180000E-02    0.23489234E-06    0.64990757E-11    0.11576777E-03
    0.12200000E-02    0.23547833E-06    0.65124093E-11    0.11584688E-03
    0.12220000E-02    0.23607504E-06    0.65257515E-11    0.11592594E-03
    0.12240000E-02    0.23653586E-06    0.65390966E-11    0.11600491E-03
    0.12260000E-02    0.23711786E-06    0.65524565E-11    0.11608386E-03
    0.12280000E-02    0.23771465E-06    0.65658232E-11    0.11616274E-03
    0.12300000E-02    0.23817196E-06    0.65791913E-11    0.11624153E-03
    0.12320000E-02    0.23871607E-06    0.65925674E-11    0.11632025E-03
    0.12340000E-02    0.23915467E-06    0.66059471E-11    0.11639889E-03
    0.12360000E-02    0.23985739E-06    0.66193269E-11    0.11647742E-03
    0.12380000E-02    0.24045352E-06    0.66327118E-11    0.11655588E-03
    0.12400000E-02    0.24086854E-06    0.66461045E-11    0.11663427E-03
    0.12420000E-02    0.24133412E-06    0.66595010E-11    0.11671259E-03
    0.12440000E-02    0.24205224E-06    0.66728984E-11    0.11679080E-03
    0.12460000E-02    0.24268584E-06    0.66863045E-11    0.11686896E-03
    0.12480000E-02    0.24334867E-06    0.66997142E-11    0.11694704E-03
    0.12500000E-02    0.24391476E-06    0.67131353E-11    0.11702508E-03
    0.12520000E-02    0.24449739E-06    0.67265670E-11    0.11710307E-03
    0.12540000E-02    0.24514959E-06    0.67400018E-11    0.11718098E-03
    0.12560000E-02    0.24573391E-06    0.67534381E-11    0.11725880E-03
    0.12580000E-02    0.24632230E-06    0.67668845E-11    0.11733657E-03
    0.12600000E-02    0.24684923E-06    0.67803509E-11    0.11741435E-03
    0.12620000E-02    0.24742975E-06    0.67938262E-11    0.11749208E-03
    0.12640000E-02    0.24797218E-06    0.68073014E-11    0.11756971E-03
    0.12660000E-02    0.24861774E-06    0.68207864E-11    0.11764730E-03
    0.12680000E-02    0.24919886E-06    0.68342835E-11    0.11772485E-03
    0.12700000E-02    0.24966077E-06    0.68477882E-11    0.11780234E-03
    0.12720000E-02    0.25033621E-06    0.68612949E-11    0.11787974E-03
    0.12740000E-02    0.25089499E-06    0.68748150E-11    0.11795711E-03
    0.12760000E-02    0.25149981E-06    0.68883375E-11    0.11803440E-03
    0.12780000E-02    0.25215658E-06    0.69018727E-11    0.11811166E-03
    0.12800000E-02    0.25261933E-06    0.69154177E-11    0.11818888E-03
    0.12820000E-02    0.25317260E-06    0.69289658E-11    0.11826601E-03
    0.12840000E-02    0.25374175E-06    0.69425160E-11    0.11834305E-03
    0.12860000E-02    0.25436893E-06    0.69560704E-11    0.11842002E-03
    0.12880000E-02    0.25499096E-06    0.69696302E-11    0.11849691E-03
    0.12900000E-02    0.25557652E-06    0.69832010E-11    0.11857377E-03
    0.12920000E-02    0.25620154E-06    0.69967666E-11    0.11865051E-03
    0.12940000E-02    0.25676316E-06    0.70103380E-11    0.11872717E-03
    0.12960000E-02    0.25740424E-06    0.70239206E-11    0.11880380E-03
    0.12980000E-02    0.25801861E-06    0.70375158E-11    0.11888040E-03
    0.13000000E-02    0.25859872E-06    0.70511115E-11    0.11895691E-03
    0.13020000E-02    0.25921922E-06    0.70647122E-11    0.11903334E-03
    0.13040000E-02    0.25990204E-06    0.70783101E-11    0.11910966E-03
    0.13060000E-02    0.26055387E-06    0.70919131E-11    0.11918591E-03
    0.13080000E-02    0.26094427E-06    0.71055240E-11    0.11926211E-03
    0.13100000E-02    0.26142713E-06    0.71191393E-11    0.11933824E-03
    0.13120000E-02    0.26219823E-06    0.71327753E-11    0.11941438E-03
    0.13140000E-02    0.26280856E-06    0.71464040E-11    0.11949039E-03
    0.13160000E-02    0.26351414E-06    0.71600418E-11    0.11956635E-03
    0.13180000E-02    0.26399328E-06    0.71736848E-11    0.11964225E-03
    0.13200000E-02    0.26442251E-06    0.71873269E-11    0.11971804E-03
    0.13220000E-02    0.26491764E-06    0.72009688E-11    0.11979374E-03
    0.13240000E-02    0.26552292E-06    0.72146234E-11    0.11986941E-03
    0.13260000E-02    0.26615644E-06    0.72282891E-11    0.11994504E-03
    0.13280000E-02    0.26681200E-06    0.72419620E-11    0.12002062E-03
    0.13300000E-02    0.26745273E-06    0.72556549E-11    0.12009622E-03
    0.13320000E-02    0.26780927E-06    0.72693461E-11    0.12017171E-03
    0.13340000E-02    0.26843650E-06    0.72830400E-11    0.12024712E-03
    0.13360000E-02    0.26913267E-06    0.72967382E-11    0.12032246E-03
    0.13380000E-02    0.26990036E-06    0.73104426E-11    0.12039775E-03
    0.13400000E-02    0.27054404E-06    0.73241487E-11    0.12047294E-03
    0.13420000E-02    0.27102872E-06    0.73378724E-11    0.12054814E-03
    0.13440000E-02    0.27157022E-06    0.73515953E-11    0.12062324E-03
    0.13460000E-02    0.27205548E-06    0.73653259E-11    0.12069829E-03
    0.13480000E-02    0.27265419E-06    0.73790645E-11    0.12077329E-03
    0.13500000E-02    0.27312524E-06    0.73927992E-11    0.12084818E-03
    0.13520000E-02    0.27374217E-06    0.74065313E-11    0.12092296E-03
    0.13540000E-02    0.27440552E-06    0.74202766E-11    0.12099771E-03
    0.13560000E-02    0.27507089E-06    0.74340277E-11    0.12107241E-03
    0.13580000E-02    0.27581883E-06    0.74477901E-11    0.12114708E-03
    0.13600000E-02    0.27654519E-06    0.74615583E-11    0.12122168E-03
    0.13620000E-02    0.27708766E-06    0.74753331E-11    0.12129623E-03
    0.13640000E-02    0.27766991E-06    0.74891147E-11    0.12137073E-03
    0.13660000E-02    0.27824841E-06    0.75029044E-11    0.12144518E-03
    0.13680000E-02    0.27892412E-06    0.75166969E-11    0.12151955E-03
    0.13700000E-02    0.27946802E-06    0.75304993E-11    0.12159388E-03
    0.13720000E-02    0.28003806E-06    0.75443060E-11    0.12166815E-03
    0.13740000E-02    0.28072254E-06    0.75581250E-11    0.12174239E-03
    0.13760000E-02    0.28138759E-06    0.75719593E-11    0.12181662E-03
    0.13780000E-02    0.28199881E-06    0.75858032E-11    0.12189082E-03
    0.13800000E-02    0.28265086E-06    0.75996522E-11    0.12196495E-03
    0.13820000E-02    0.28326223E-06    0.76135060E-11    0.12203902E-03
    0.13840000E-02    0.28395622E-06    0.76273616E-11    0.12211300E-03
    0.13860000E-02    0.28457664E-06    0.76412201E-11    0.12218692E-03
    0.13880000E-02    0.28522687E-06    0.76550795E-11    0.12226074E-03
    0.13900000E-02    0.28590064E-06    0.76689475E-11    0.12233453E-03
    0.13920000E-02    0.28662072E-06    0.76828237E-11    0.12240827E-03
    0.13940000E-02    0.28718001E-06    0.76966998E-11    0.12248192E-03
    0.13960000E-02    0.28777640E-06    0.77105818E-11    0.12255551E-03
    0.13980000E-02    0.28828264E-06    0.77244671E-11    0.12262903E-03
    0.14000000E-02    0.28885774E-06    0.77383572E-11    0.12270249E-03
    0.14020000E-02    0.28954373E-06    0.77522515E-11    0.12277589E-03
    0.14040000E-02    0.29017366E-06    0.77661553E-11    0.12284924E-03
    0.14060000E-02    0.29062985E-06    0.77800651E-11    0.12292254E-03
    0.14080000E-02    0.29130348E-06    0.77939836E-11    0.12299580E-03
    0.14100000E-02    0.29183469E-06    0.78079129E-11    0.12306903E-03
    0.14120000E-02    0.29251483E-06    0.78218455E-11    0.12314219E-03
    0.14140000E-02    0.29295966E-06    0.78357920E-11    0.12321534E-03
    0.14160000E-02    0.29337324E-06    0.78497472E-11    0.12328844E-03
    0.14180000E-02    0.29397333E-06    0.78637024E-11    0.12336146E-03
    0.14200000E-02    0.29454811E-06    0.78776612E-11    0.12343441E-03
