      1.00000000E-05       3.13521480E-08       5.24000900E-13       5.00127970E-05
      2.00000000E-05       3.23569520E-08       5.48353050E-13       5.07758520E-05
      3.00000000E-05       3.33963490E-08       5.73987160E-13       5.15550470E-05
      4.00000000E-05       3.44556170E-08       5.99878810E-13       5.23188640E-05
      5.00000000E-05       3.55366140E-08       6.26906330E-13       5.30930920E-05
      6.00000000E-05       3.66173650E-08       6.54633780E-13       5.38645790E-05
      7.00000000E-05       3.77122570E-08       6.82965540E-13       5.46306950E-05
      8.00000000E-05       3.88031110E-08       7.11830710E-13       5.53897460E-05
      9.00000000E-05       3.99114700E-08       7.41437070E-13       5.61472590E-05
      1.00000000E-04       4.10154480E-08       7.71371290E-13       5.68929280E-05
      1.10000000E-04       4.21283480E-08       8.01990980E-13       5.76359720E-05
      1.20000000E-04       4.32423840E-08       8.33105670E-13       5.83719000E-05
      1.30000000E-04       4.43626440E-08       8.64670870E-13       5.90999900E-05
      1.40000000E-04       4.54769840E-08       8.96658310E-13       5.98199610E-05
      1.50000000E-04       4.66037800E-08       9.29235260E-13       6.05358100E-05
      1.60000000E-04       4.77159400E-08       9.62426610E-13       6.12481540E-05
      1.70000000E-04       4.88721920E-08       9.95923100E-13       6.19506310E-05
      1.80000000E-04       5.00086200E-08       1.03000040E-12       6.26493060E-05
      1.90000000E-04       5.11524670E-08       1.06449450E-12       6.33410030E-05
      2.00000000E-04       5.22955070E-08       1.09935930E-12       6.40251130E-05
      2.10000000E-04       5.34443990E-08       1.13487650E-12       6.47073080E-05
      2.20000000E-04       5.45894890E-08       1.17072360E-12       6.53815560E-05
      2.30000000E-04       5.57196490E-08       1.20701870E-12       6.60503510E-05
      2.40000000E-04       5.68913870E-08       1.24381420E-12       6.67148170E-05
      2.50000000E-04       5.80483380E-08       1.28112230E-12       6.73752920E-05
      2.60000000E-04       5.92122010E-08       1.31912880E-12       6.80350740E-05
      2.70000000E-04       6.03855430E-08       1.35739120E-12       6.86866190E-05
      2.80000000E-04       6.15528770E-08       1.39616250E-12       6.93344570E-05
      2.90000000E-04       6.27195820E-08       1.43539490E-12       6.99779040E-05
      3.00000000E-04       6.38985410E-08       1.47495250E-12       7.06149200E-05
      3.10000000E-04       6.50740870E-08       1.51504470E-12       7.12490280E-05
      3.20000000E-04       6.62574400E-08       1.55569280E-12       7.18806080E-05
      3.30000000E-04       6.74469030E-08       1.59703750E-12       7.25118250E-05
      3.40000000E-04       6.86359440E-08       1.63855950E-12       7.31348770E-05
      3.50000000E-04       6.98323420E-08       1.68054720E-12       7.37543040E-05
      3.60000000E-04       7.10270250E-08       1.72303490E-12       7.43706910E-05
      3.70000000E-04       7.22154750E-08       1.76593310E-12       7.49828400E-05
      3.80000000E-04       7.34210690E-08       1.80923500E-12       7.55907730E-05
      3.90000000E-04       7.46324830E-08       1.85331470E-12       7.61997450E-05
      4.00000000E-04       7.58468820E-08       1.89786130E-12       7.68054350E-05
      4.10000000E-04       7.70521990E-08       1.94260670E-12       7.74043600E-05
      4.20000000E-04       7.82725410E-08       1.98799200E-12       7.80025280E-05
      4.30000000E-04       7.94878220E-08       2.03372990E-12       7.85962020E-05
      4.40000000E-04       8.07102870E-08       2.07992750E-12       7.91868740E-05
      4.50000000E-04       8.19339580E-08       2.12678360E-12       7.97770980E-05
      4.60000000E-04       8.31611930E-08       2.17396890E-12       8.03627720E-05
      4.70000000E-04       8.43927170E-08       2.22160690E-12       8.09455300E-05
      4.80000000E-04       8.56286890E-08       2.26993380E-12       8.15282640E-05
      4.90000000E-04       8.68635060E-08       2.31836250E-12       8.21039870E-05
      5.00000000E-04       8.81011470E-08       2.36738720E-12       8.26786850E-05
      5.10000000E-04       8.93422640E-08       2.41687280E-12       8.32507960E-05
      5.20000000E-04       9.05966980E-08       2.46698770E-12       8.38222780E-05
      5.30000000E-04       9.18530730E-08       2.51769750E-12       8.43927190E-05
      5.40000000E-04       9.31059870E-08       2.56883890E-12       8.49603090E-05
      5.50000000E-04       9.43716280E-08       2.62051550E-12       8.55262390E-05
      5.60000000E-04       9.56363170E-08       2.67240080E-12       8.60870170E-05
      5.70000000E-04       9.68969350E-08       2.72464920E-12       8.66444330E-05
      5.80000000E-04       9.81661120E-08       2.77732750E-12       8.71992660E-05
      5.90000000E-04       9.94268600E-08       2.83056750E-12       8.77529320E-05
      6.00000000E-04       1.00704710E-07       2.88420660E-12       8.83037710E-05
      6.10000000E-04       1.01976900E-07       2.93822110E-12       8.88516070E-05
      6.20000000E-04       1.03259840E-07       2.99299270E-12       8.94003080E-05
      6.30000000E-04       1.04536870E-07       3.04825810E-12       8.99472130E-05
      6.40000000E-04       1.05831100E-07       3.10404770E-12       9.04926400E-05
      6.50000000E-04       1.07127850E-07       3.16037370E-12       9.10367210E-05
      6.60000000E-04       1.08426240E-07       3.21713480E-12       9.15785050E-05
      6.70000000E-04       1.09730110E-07       3.27439380E-12       9.21186220E-05
      6.80000000E-04       1.11036430E-07       3.33217830E-12       9.26573500E-05
      6.90000000E-04       1.12335520E-07       3.39027700E-12       9.31927640E-05
      7.00000000E-04       1.13645970E-07       3.44862400E-12       9.37243450E-05
      7.10000000E-04       1.14956670E-07       3.50774070E-12       9.42568580E-05
      7.20000000E-04       1.16262290E-07       3.56698720E-12       9.47845710E-05
      7.30000000E-04       1.17581510E-07       3.62664110E-12       9.53100410E-05
      7.40000000E-04       1.18902930E-07       3.68714570E-12       9.58371510E-05
      7.50000000E-04       1.20224450E-07       3.74805080E-12       9.63619590E-05
      7.60000000E-04       1.21553540E-07       3.80936370E-12       9.68845680E-05
      7.70000000E-04       1.22877650E-07       3.87096070E-12       9.74039830E-05
      7.80000000E-04       1.24214190E-07       3.93331480E-12       9.79242000E-05
      7.90000000E-04       1.25555660E-07       3.99612560E-12       9.84426980E-05
      8.00000000E-04       1.26896070E-07       4.05942940E-12       9.89597970E-05
      8.10000000E-04       1.28239590E-07       4.12324800E-12       9.94756880E-05
      8.20000000E-04       1.29590080E-07       4.18751720E-12       9.99898680E-05
      8.30000000E-04       1.30947500E-07       4.25234240E-12       1.00503200E-04
      8.40000000E-04       1.32297480E-07       4.31733640E-12       1.01012650E-04
      8.50000000E-04       1.33656120E-07       4.38293230E-12       1.01521660E-04
      8.60000000E-04       1.35021020E-07       4.44910760E-12       1.02030050E-04
      8.70000000E-04       1.36381380E-07       4.51576030E-12       1.02537040E-04
      8.80000000E-04       1.37757830E-07       4.58296060E-12       1.03043160E-04
      8.90000000E-04       1.39128510E-07       4.65062190E-12       1.03547780E-04
      9.00000000E-04       1.40507620E-07       4.71854330E-12       1.04049450E-04
      9.10000000E-04       1.41878900E-07       4.78681690E-12       1.04548880E-04
      9.20000000E-04       1.43262880E-07       4.85575050E-12       1.05048350E-04
      9.30000000E-04       1.44646980E-07       4.92531430E-12       1.05547620E-04
      9.40000000E-04       1.46031260E-07       4.99531480E-12       1.06045300E-04
      9.50000000E-04       1.47435400E-07       5.06573060E-12       1.06541260E-04
      9.60000000E-04       1.48831320E-07       5.13669220E-12       1.07036440E-04
      9.70000000E-04       1.50228620E-07       5.20811080E-12       1.07530220E-04
      9.80000000E-04       1.51633170E-07       5.28001480E-12       1.08022820E-04
      9.90000000E-04       1.53043350E-07       5.35245100E-12       1.08514560E-04
      1.00000000E-03       1.54450400E-07       5.42540630E-12       1.09005370E-04
      1.01000000E-03       1.55868550E-07       5.49876480E-12       1.09494470E-04
      1.02000000E-03       1.57285660E-07       5.57260980E-12       1.09982440E-04
      1.03000000E-03       1.58707230E-07       5.64703680E-12       1.10469910E-04
      1.04000000E-03       1.60128520E-07       5.72189760E-12       1.10955920E-04
      1.05000000E-03       1.61557570E-07       5.79720130E-12       1.11440550E-04
      1.06000000E-03       1.62991950E-07       5.87306960E-12       1.11924590E-04
      1.07000000E-03       1.64420940E-07       5.94933250E-12       1.12406960E-04
      1.08000000E-03       1.65857990E-07       6.02604390E-12       1.12888030E-04
      1.09000000E-03       1.67296350E-07       6.10334750E-12       1.13368700E-04
      1.10000000E-03       1.68739460E-07       6.18111850E-12       1.13848200E-04
      1.11000000E-03       1.70174600E-07       6.25931640E-12       1.14326290E-04
      1.12000000E-03       1.71629650E-07       6.33796020E-12       1.14803100E-04
      1.13000000E-03       1.73079610E-07       6.41707630E-12       1.15278820E-04
      1.14000000E-03       1.74529020E-07       6.49668240E-12       1.15753560E-04
      1.15000000E-03       1.75984340E-07       6.57676100E-12       1.16227210E-04
      1.16000000E-03       1.77444260E-07       6.65735470E-12       1.16700050E-04
      1.17000000E-03       1.78906740E-07       6.73838710E-12       1.17171620E-04
      1.18000000E-03       1.80374790E-07       6.81985330E-12       1.17641930E-04
      1.19000000E-03       1.81846010E-07       6.90180980E-12       1.18111300E-04
      1.20000000E-03       1.83313470E-07       6.98427390E-12       1.18579850E-04
      1.21000000E-03       1.84788290E-07       7.06724570E-12       1.19047570E-04
      1.22000000E-03       1.86265510E-07       7.15056550E-12       1.19513580E-04
      1.23000000E-03       1.87751800E-07       7.23446030E-12       1.19979170E-04
      1.24000000E-03       1.89232650E-07       7.31883370E-12       1.20443790E-04
      1.25000000E-03       1.90718370E-07       7.40357040E-12       1.20906840E-04
      1.26000000E-03       1.92208580E-07       7.48883050E-12       1.21369190E-04
      1.27000000E-03       1.93700350E-07       7.57463660E-12       1.21830980E-04
      1.28000000E-03       1.95191580E-07       7.66079920E-12       1.22291190E-04
      1.29000000E-03       1.96697060E-07       7.74745590E-12       1.22750570E-04
      1.30000000E-03       1.98197290E-07       7.83461500E-12       1.23209170E-04
      1.31000000E-03       1.99698430E-07       7.92223620E-12       1.23666780E-04
      1.32000000E-03       2.01203310E-07       8.01024970E-12       1.24123060E-04
      1.33000000E-03       2.02715460E-07       8.09877060E-12       1.24578610E-04
      1.34000000E-03       2.04227010E-07       8.18780620E-12       1.25033480E-04
      1.35000000E-03       2.05741080E-07       8.27723330E-12       1.25487040E-04
      1.36000000E-03       2.07261770E-07       8.36712500E-12       1.25939670E-04
      1.37000000E-03       2.08783610E-07       8.45753380E-12       1.26391650E-04
      1.38000000E-03       2.10303430E-07       8.54840120E-12       1.26842690E-04
      1.39000000E-03       2.11827720E-07       8.63972980E-12       1.27292800E-04
      1.40000000E-03       2.13364630E-07       8.73151970E-12       1.27742010E-04
      1.41000000E-03       2.14895000E-07       8.82379100E-12       1.28190410E-04
      1.42000000E-03       2.16433500E-07       8.91648530E-12       1.28637730E-04
      1.43000000E-03       2.17973580E-07       9.00959880E-12       1.29083960E-04
      1.44000000E-03       2.19517120E-07       9.10328380E-12       1.29529840E-04
      1.45000000E-03       2.21058400E-07       9.19742360E-12       1.29974810E-04
      1.46000000E-03       2.22603760E-07       9.29194300E-12       1.30418530E-04
      1.47000000E-03       2.24164280E-07       9.38699190E-12       1.30861720E-04
      1.48000000E-03       2.25712190E-07       9.48256390E-12       1.31304330E-04
      1.49000000E-03       2.27275240E-07       9.57853120E-12       1.31745800E-04
      1.50000000E-03       2.28837580E-07       9.67497950E-12       1.32186510E-04
      1.51000000E-03       2.30401860E-07       9.77194280E-12       1.32626640E-04
      1.52000000E-03       2.31954020E-07       9.86938800E-12       1.33066030E-04
      1.53000000E-03       2.33533480E-07       9.96722580E-12       1.33504290E-04
      1.54000000E-03       2.35115470E-07       1.00655130E-11       1.33941690E-04
      1.55000000E-03       2.36692380E-07       1.01643350E-11       1.34378600E-04
      1.56000000E-03       2.38267970E-07       1.02636170E-11       1.34814710E-04
      1.57000000E-03       2.39849950E-07       1.03632970E-11       1.35249740E-04
      1.58000000E-03       2.41436120E-07       1.04635390E-11       1.35684420E-04
      1.59000000E-03       2.43018640E-07       1.05642210E-11       1.36118230E-04
      1.60000000E-03       2.44610870E-07       1.06653650E-11       1.36551260E-04
      1.61000000E-03       2.46210490E-07       1.07669060E-11       1.36983240E-04
      1.62000000E-03       2.47808450E-07       1.08689220E-11       1.37414520E-04
      1.63000000E-03       2.49405880E-07       1.09714750E-11       1.37845360E-04
      1.64000000E-03       2.51006500E-07       1.10744210E-11       1.38275150E-04
      1.65000000E-03       2.52612850E-07       1.11778480E-11       1.38704280E-04
      1.66000000E-03       2.54218680E-07       1.12818100E-11       1.39132970E-04
      1.67000000E-03       2.55827900E-07       1.13861320E-11       1.39560510E-04
      1.68000000E-03       2.57449270E-07       1.14908830E-11       1.39987180E-04
      1.69000000E-03       2.59070590E-07       1.15961280E-11       1.40413260E-04
      1.70000000E-03       2.60687970E-07       1.17018500E-11       1.40838690E-04
      1.71000000E-03       2.62309470E-07       1.18080010E-11       1.41263270E-04
      1.72000000E-03       2.63936880E-07       1.19145560E-11       1.41686920E-04
      1.73000000E-03       2.65564050E-07       1.20216210E-11       1.42110050E-04
      1.74000000E-03       2.67198990E-07       1.21291120E-11       1.42532360E-04
      1.75000000E-03       2.68834930E-07       1.22369680E-11       1.42953590E-04
      1.76000000E-03       2.70476660E-07       1.23452570E-11       1.43374040E-04
      1.77000000E-03       2.72118130E-07       1.24540260E-11       1.43793880E-04
      1.78000000E-03       2.73757570E-07       1.25631780E-11       1.44212740E-04
      1.79000000E-03       2.75403840E-07       1.26726930E-11       1.44630570E-04
      1.80000000E-03       2.77047400E-07       1.27826470E-11       1.45047660E-04
      1.81000000E-03       2.78706530E-07       1.28929830E-11       1.45463800E-04
      1.82000000E-03       2.80359360E-07       1.30037180E-11       1.45879070E-04
      1.83000000E-03       2.82013050E-07       1.31146870E-11       1.46292850E-04
      1.84000000E-03       2.83673230E-07       1.32260720E-11       1.46705850E-04
      1.85000000E-03       2.85328900E-07       1.33378490E-11       1.47117970E-04
      1.86000000E-03       2.86986510E-07       1.34498620E-11       1.47528660E-04
      1.87000000E-03       2.88643710E-07       1.35621640E-11       1.47938130E-04
      1.88000000E-03       2.90304630E-07       1.36748010E-11       1.48346560E-04
      1.89000000E-03       2.91975070E-07       1.37876290E-11       1.48753430E-04
      1.90000000E-03       2.93634910E-07       1.39006970E-11       1.49158950E-04
      1.91000000E-03       2.95302100E-07       1.40138990E-11       1.49562760E-04
      1.92000000E-03       2.96965610E-07       1.41273260E-11       1.49965190E-04
      1.93000000E-03       2.98624580E-07       1.42408930E-11       1.50365960E-04
      1.94000000E-03       3.00284190E-07       1.43544710E-11       1.50764650E-04
      1.95000000E-03       3.01945950E-07       1.44681500E-11       1.51161600E-04
      1.96000000E-03       3.03597400E-07       1.45819000E-11       1.51556710E-04
      1.97000000E-03       3.05257950E-07       1.46955430E-11       1.51949410E-04
      1.98000000E-03       3.06913990E-07       1.48091290E-11       1.52339890E-04
      1.99000000E-03       3.08564890E-07       1.49225900E-11       1.52727950E-04
      2.00000000E-03       3.10211650E-07       1.50359570E-11       1.53113740E-04
      2.01000000E-03       3.11849540E-07       1.51490620E-11       1.53496700E-04
      2.02000000E-03       3.13486110E-07       1.52618080E-11       1.53876560E-04
      2.03000000E-03       3.15118120E-07       1.53742630E-11       1.54253570E-04
      2.04000000E-03       3.16741190E-07       1.54864480E-11       1.54627860E-04
      2.05000000E-03       3.18356840E-07       1.55980860E-11       1.54998530E-04
      2.06000000E-03       3.19971730E-07       1.57092350E-11       1.55365820E-04
      2.07000000E-03       3.21580140E-07       1.58199500E-11       1.55729960E-04
      2.08000000E-03       3.23176720E-07       1.59301050E-11       1.56090570E-04
      2.09000000E-03       3.24763040E-07       1.60396780E-11       1.56447640E-04
      2.10000000E-03       3.26344810E-07       1.61485600E-11       1.56800850E-04
      2.11000000E-03       3.27920170E-07       1.62567950E-11       1.57150380E-04
      2.12000000E-03       3.29484290E-07       1.63644120E-11       1.57496390E-04
      2.13000000E-03       3.31034860E-07       1.64712310E-11       1.57838330E-04
      2.14000000E-03       3.32577570E-07       1.65772120E-11       1.58176140E-04
      2.15000000E-03       3.34113550E-07       1.66824500E-11       1.58510150E-04
      2.16000000E-03       3.35655330E-07       1.67868470E-11       1.58840110E-04
      2.17000000E-03       3.37189390E-07       1.68903610E-11       1.59165930E-04
      2.18000000E-03       3.38726960E-07       1.69928680E-11       1.59487270E-04
      2.19000000E-03       3.40254730E-07       1.70943810E-11       1.59804230E-04
      2.20000000E-03       3.41706520E-07       1.71949450E-11       1.60116980E-04
      2.21000000E-03       3.43027240E-07       1.72945120E-11       1.60425440E-04
      2.22000000E-03       3.44206490E-07       1.73929640E-11       1.60729280E-04
      2.23000000E-03       3.44888710E-07       1.74902560E-11       1.61028410E-04
      2.24000000E-03       3.44208300E-07       1.75864980E-11       1.61323230E-04
      2.25000000E-03       3.42949990E-07       1.76816460E-11       1.61613650E-04
      2.26000000E-03       3.41756100E-07       1.77756380E-11       1.61899510E-04
      2.27000000E-03       3.40402970E-07       1.78684810E-11       1.62180890E-04
      2.28000000E-03       3.39039130E-07       1.79601290E-11       1.62457690E-04
      2.29000000E-03       3.37618990E-07       1.80506820E-11       1.62730270E-04
      2.30000000E-03       3.36142240E-07       1.81401220E-11       1.62998600E-04
      2.31000000E-03       3.34676900E-07       1.82283930E-11       1.63262560E-04
      2.32000000E-03       3.33181400E-07       1.83154390E-11       1.63522020E-04
      2.33000000E-03       3.31649430E-07       1.84013140E-11       1.63777190E-04
      2.34000000E-03       3.30129560E-07       1.84860510E-11       1.64028200E-04
      2.35000000E-03       3.28607950E-07       1.85696820E-11       1.64275180E-04
      2.36000000E-03       3.27069590E-07       1.86521000E-11       1.64517860E-04
      2.37000000E-03       3.25515630E-07       1.87333520E-11       1.64756400E-04
      2.38000000E-03       3.23967020E-07       1.88134720E-11       1.64990950E-04
      2.39000000E-03       3.22378990E-07       1.88924850E-11       1.65221600E-04
      2.40000000E-03       3.20805420E-07       1.89703900E-11       1.65448390E-04
