   2.0000000e-06    3.1356045e-08    5.2459264e-13    5.0031616e-05
   4.0000000e-06    3.1601687e-08    5.3002521e-13    5.0203728e-05
   6.0000000e-06    3.1816204e-08    5.3543922e-13    5.0374087e-05
   8.0000000e-06    3.2092893e-08    5.4083242e-13    5.0542653e-05
   1.0000000e-05    3.2364915e-08    5.4621402e-13    5.0709743e-05
   1.2000000e-05    3.2611225e-08    5.5156510e-13    5.0874801e-05
   1.4000000e-05    3.2865875e-08    5.5689454e-13    5.1038133e-05
   1.6000000e-05    3.3100097e-08    5.6221041e-13    5.1200015e-05
   1.8000000e-05    3.3310083e-08    5.6750870e-13    5.1360350e-05
   2.0000000e-05    3.3538266e-08    5.7277940e-13    5.1518862e-05
   2.2000000e-05    3.3785724e-08    5.7803727e-13    5.1676022e-05
   2.4000000e-05    3.3986329e-08    5.8328070e-13    5.1831805e-05
   2.6000000e-05    3.4212446e-08    5.8851428e-13    5.1986367e-05
   2.8000000e-05    3.4399029e-08    5.9374798e-13    5.2140018e-05
   3.0000000e-05    3.4627473e-08    5.9897518e-13    5.2292580e-05
   3.2000000e-05    3.4807037e-08    6.0420508e-13    5.2444336e-05
   3.4000000e-05    3.4992770e-08    6.0943256e-13    5.2595148e-05
   3.6000000e-05    3.5202456e-08    6.1465740e-13    5.2745025e-05
   3.8000000e-05    3.5451782e-08    6.1988647e-13    5.2894175e-05
   4.0000000e-05    3.5680166e-08    6.2512835e-13    5.3042851e-05
   4.2000000e-05    3.5903630e-08    6.3037872e-13    5.3190937e-05
   4.4000000e-05    3.6116124e-08    6.3563932e-13    5.3338490e-05
   4.6000000e-05    3.6339832e-08    6.4090439e-13    5.3485354e-05
   4.8000000e-05    3.6560954e-08    6.4618085e-13    5.3631732e-05
   5.0000000e-05    3.6805118e-08    6.5146284e-13    5.3777467e-05
   5.2000000e-05    3.6974748e-08    6.5675475e-13    5.3922689e-05
   5.4000000e-05    3.7169934e-08    6.6204922e-13    5.4067201e-05
   5.6000000e-05    3.7442748e-08    6.6734878e-13    5.4211083e-05
   5.8000000e-05    3.7668668e-08    6.7266514e-13    5.4354659e-05
   6.0000000e-05    3.7890156e-08    6.7799344e-13    5.4497799e-05
   6.2000000e-05    3.8101730e-08    6.8333007e-13    5.4640413e-05
   6.4000000e-05    3.8350286e-08    6.8867341e-13    5.4782465e-05
   6.6000000e-05    3.8563084e-08    6.9402625e-13    5.4924034e-05
   6.8000000e-05    3.8767703e-08    6.9938666e-13    5.5065076e-05
   7.0000000e-05    3.8978666e-08    7.0475093e-13    5.5205500e-05
   7.2000000e-05    3.9229738e-08    7.1012094e-13    5.5345363e-05
   7.4000000e-05    3.9443405e-08    7.1550119e-13    5.5484786e-05
   7.6000000e-05    3.9669678e-08    7.2089348e-13    5.5623822e-05
   7.8000000e-05    3.9897510e-08    7.2629791e-13    5.5762478e-05
   8.0000000e-05    4.0122254e-08    7.3171299e-13    5.5900718e-05
   8.2000000e-05    4.0309433e-08    7.3714089e-13    5.6038603e-05
   8.4000000e-05    4.0531353e-08    7.4257827e-13    5.6176051e-05
   8.6000000e-05    4.0769652e-08    7.4802681e-13    5.6313111e-05
   8.8000000e-05    4.0928754e-08    7.5349075e-13    5.6449891e-05
   9.0000000e-05    4.1216462e-08    7.5895829e-13    5.6586101e-05
   9.2000000e-05    4.1431823e-08    7.6444691e-13    5.6722179e-05
   9.4000000e-05    4.1628608e-08    7.6994863e-13    5.6857930e-05
   9.6000000e-05    4.1876052e-08    7.7545806e-13    5.6993225e-05
   9.8000000e-05    4.2067857e-08    7.8098595e-13    5.7128331e-05
   1.0000000e-04    4.2252481e-08    7.8652449e-13    5.7263059e-05
   1.0200000e-04    4.2482837e-08    7.9207185e-13    5.7397370e-05
   1.0400000e-04    4.2720873e-08    7.9762829e-13    5.7531272e-05
   1.0600000e-04    4.2946764e-08    8.0319908e-13    5.7664898e-05
   1.0800000e-04    4.3146634e-08    8.0878518e-13    5.7798273e-05
   1.1000000e-04    4.3391320e-08    8.1437984e-13    5.7931237e-05
   1.1200000e-04    4.3662217e-08    8.1998987e-13    5.8063957e-05
   1.1400000e-04    4.3846116e-08    8.2561774e-13    5.8196491e-05
   1.1600000e-04    4.4056536e-08    8.3124966e-13    5.8328520e-05
   1.1800000e-04    4.4298925e-08    8.3689585e-13    5.8460286e-05
   1.2000000e-04    4.4505350e-08    8.4255733e-13    5.8591815e-05
   1.2200000e-04    4.4779995e-08    8.4823039e-13    5.8723023e-05
   1.2400000e-04    4.5002277e-08    8.5392619e-13    5.8854170e-05
   1.2600000e-04    4.5210281e-08    8.5963836e-13    5.8985110e-05
   1.2800000e-04    4.5426367e-08    8.6536271e-13    5.9115748e-05
   1.3000000e-04    4.5666417e-08    8.7109619e-13    5.9246018e-05
   1.3200000e-04    4.5866994e-08    8.7684541e-13    5.9376073e-05
   1.3400000e-04    4.6066739e-08    8.8260423e-13    5.9505777e-05
   1.3600000e-04    4.6302769e-08    8.8837575e-13    5.9635202e-05
   1.3800000e-04    4.6507642e-08    8.9416503e-13    5.9764463e-05
   1.4000000e-04    4.6727857e-08    8.9996668e-13    5.9893442e-05
   1.4200000e-04    4.6953408e-08    9.0578393e-13    6.0022213e-05
   1.4400000e-04    4.7127929e-08    9.1161366e-13    6.0150707e-05
   1.4600000e-04    4.7362660e-08    9.1745002e-13    6.0278801e-05
   1.4800000e-04    4.7567260e-08    9.2329974e-13    6.0406643e-05
   1.5000000e-04    4.7810974e-08    9.2916336e-13    6.0534249e-05
   1.5200000e-04    4.8052311e-08    9.3504334e-13    6.0661672e-05
   1.5400000e-04    4.8216778e-08    9.4094300e-13    6.0788986e-05
   1.5600000e-04    4.8488052e-08    9.4685032e-13    6.0915934e-05
   1.5800000e-04    4.8698993e-08    9.5277817e-13    6.1042793e-05
   1.6000000e-04    4.8955512e-08    9.5871941e-13    6.1169412e-05
   1.6200000e-04    4.9183383e-08    9.6468183e-13    6.1295957e-05
   1.6400000e-04    4.9418125e-08    9.7066032e-13    6.1422321e-05
   1.6600000e-04    4.9634109e-08    9.7665358e-13    6.1548477e-05
   1.6800000e-04    4.9843061e-08    9.8266225e-13    6.1674441e-05
   1.7000000e-04    5.0060114e-08    9.8868731e-13    6.1800234e-05
   1.7200000e-04    5.0250770e-08    9.9472762e-13    6.1925833e-05
   1.7400000e-04    5.0480776e-08    1.0007761e-12    6.2051093e-05
   1.7600000e-04    5.0694343e-08    1.0068409e-12    6.2176187e-05
   1.7800000e-04    5.0921570e-08    1.0129203e-12    6.2301078e-05
   1.8000000e-04    5.1157961e-08    1.0190112e-12    6.2425703e-05
   1.8200000e-04    5.1398794e-08    1.0251197e-12    6.2550192e-05
   1.8400000e-04    5.1622684e-08    1.0312413e-12    6.2674454e-05
   1.8600000e-04    5.1843951e-08    1.0373792e-12    6.2798554e-05
   1.8800000e-04    5.2045925e-08    1.0435284e-12    6.2922391e-05
   1.9000000e-04    5.2241197e-08    1.0496852e-12    6.3045896e-05
   1.9200000e-04    5.2459978e-08    1.0558501e-12    6.3169079e-05
   1.9400000e-04    5.2742287e-08    1.0620294e-12    6.3292072e-05
   1.9600000e-04    5.2989707e-08    1.0682309e-12    6.3415027e-05
   1.9800000e-04    5.3241944e-08    1.0744522e-12    6.3537897e-05
   2.0000000e-04    5.3428236e-08    1.0806904e-12    6.3660624e-05
   2.0200000e-04    5.3641873e-08    1.0869411e-12    6.3783126e-05
   2.0400000e-04    5.3870651e-08    1.0932076e-12    6.3905467e-05
   2.0600000e-04    5.4115915e-08    1.0994853e-12    6.4027557e-05
   2.0800000e-04    5.4332348e-08    1.1057798e-12    6.4149510e-05
   2.1000000e-04    5.4577792e-08    1.1120901e-12    6.4271306e-05
   2.1200000e-04    5.4790549e-08    1.1184168e-12    6.4392956e-05
   2.1400000e-04    5.5043579e-08    1.1247592e-12    6.4514448e-05
   2.1600000e-04    5.5267270e-08    1.1311219e-12    6.4635870e-05
   2.1800000e-04    5.5462146e-08    1.1374988e-12    6.4757109e-05
   2.2000000e-04    5.5670214e-08    1.1438870e-12    6.4878107e-05
   2.2200000e-04    5.5893278e-08    1.1502852e-12    6.4998844e-05
   2.2400000e-04    5.6132783e-08    1.1566995e-12    6.5119439e-05
   2.2600000e-04    5.6344772e-08    1.1631318e-12    6.5239924e-05
   2.2800000e-04    5.6584882e-08    1.1695781e-12    6.5360226e-05
   2.3000000e-04    5.6808310e-08    1.1760414e-12    6.5480401e-05
   2.3200000e-04    5.7041097e-08    1.1825174e-12    6.5600373e-05
   2.3400000e-04    5.7252511e-08    1.1890066e-12    6.5720150e-05
   2.3600000e-04    5.7463583e-08    1.1955053e-12    6.5839668e-05
   2.3800000e-04    5.7692870e-08    1.2020184e-12    6.5959016e-05
   2.4000000e-04    5.7960888e-08    1.2085465e-12    6.6078208e-05
   2.4200000e-04    5.8179779e-08    1.2150988e-12    6.6197409e-05
   2.4400000e-04    5.8391468e-08    1.2216629e-12    6.6316397e-05
   2.4600000e-04    5.8593932e-08    1.2282432e-12    6.6435252e-05
   2.4800000e-04    5.8844554e-08    1.2348364e-12    6.6553915e-05
   2.5000000e-04    5.9088073e-08    1.2414492e-12    6.6672507e-05
   2.5200000e-04    5.9321686e-08    1.2480776e-12    6.6790955e-05
   2.5400000e-04    5.9569184e-08    1.2547218e-12    6.6909268e-05
   2.5600000e-04    5.9766779e-08    1.2613779e-12    6.7027374e-05
   2.5800000e-04    6.0004509e-08    1.2680416e-12    6.7145199e-05
   2.6000000e-04    6.0245576e-08    1.2747187e-12    6.7262848e-05
   2.6200000e-04    6.0436559e-08    1.2814115e-12    6.7380362e-05
   2.6400000e-04    6.0702839e-08    1.2881172e-12    6.7497692e-05
   2.6600000e-04    6.0955440e-08    1.2948430e-12    6.7614967e-05
   2.6800000e-04    6.1123189e-08    1.3015854e-12    6.7732123e-05
   2.7000000e-04    6.1355779e-08    1.3083377e-12    6.7849047e-05
   2.7200000e-04    6.1559927e-08    1.3151097e-12    6.7965908e-05
   2.7400000e-04    6.1837022e-08    1.3218956e-12    6.8082608e-05
   2.7600000e-04    6.2067611e-08    1.3287040e-12    6.8199294e-05
   2.7800000e-04    6.2284102e-08    1.3355287e-12    6.8315859e-05
   2.8000000e-04    6.2550769e-08    1.3423657e-12    6.8432238e-05
   2.8200000e-04    6.2778521e-08    1.3492230e-12    6.8548566e-05
   2.8400000e-04    6.2964583e-08    1.3560975e-12    6.8664791e-05
   2.8600000e-04    6.3181327e-08    1.3629855e-12    6.8780850e-05
   2.8800000e-04    6.3416695e-08    1.3698847e-12    6.8896708e-05
   2.9000000e-04    6.3674415e-08    1.3768014e-12    6.9012468e-05
   2.9200000e-04    6.3880678e-08    1.3837363e-12    6.9128146e-05
   2.9400000e-04    6.4140119e-08    1.3906850e-12    6.9243667e-05
   2.9600000e-04    6.4370651e-08    1.3976496e-12    6.9359065e-05
   2.9800000e-04    6.4572869e-08    1.4046296e-12    6.9474336e-05
   3.0000000e-04    6.4844459e-08    1.4116262e-12    6.9589498e-05
   3.0200000e-04    6.5053145e-08    1.4186391e-12    6.9704547e-05
   3.0400000e-04    6.5257285e-08    1.4256687e-12    6.9819489e-05
   3.0600000e-04    6.5486602e-08    1.4327085e-12    6.9934222e-05
   3.0800000e-04    6.5710182e-08    1.4397586e-12    7.0048745e-05
   3.1000000e-04    6.5963952e-08    1.4468206e-12    7.0163087e-05
   3.1200000e-04    6.6179003e-08    1.4539002e-12    7.0277343e-05
   3.1400000e-04    6.6438498e-08    1.4609957e-12    7.0391482e-05
   3.1600000e-04    6.6627677e-08    1.4681082e-12    7.0505525e-05
   3.1800000e-04    6.6865383e-08    1.4752338e-12    7.0619410e-05
   3.2000000e-04    6.7120900e-08    1.4823781e-12    7.0733226e-05
   3.2200000e-04    6.7369214e-08    1.4895372e-12    7.0846910e-05
   3.2400000e-04    6.7633373e-08    1.4967153e-12    7.0960532e-05
   3.2600000e-04    6.7832120e-08    1.5039112e-12    7.1074071e-05
   3.2800000e-04    6.8021472e-08    1.5111201e-12    7.1187454e-05
   3.3000000e-04    6.8327063e-08    1.5183433e-12    7.1300700e-05
   3.3200000e-04    6.8514520e-08    1.5255884e-12    7.1413928e-05
   3.3400000e-04    6.8751605e-08    1.5328462e-12    7.1526998e-05
   3.3600000e-04    6.9018714e-08    1.5401220e-12    7.1639988e-05
   3.3800000e-04    6.9235789e-08    1.5474153e-12    7.1752894e-05
   3.4000000e-04    6.9484398e-08    1.5547236e-12    7.1865679e-05
   3.4200000e-04    6.9701368e-08    1.5620509e-12    7.1978400e-05
   3.4400000e-04    6.9890516e-08    1.5693873e-12    7.2090910e-05
   3.4600000e-04    7.0126522e-08    1.5767343e-12    7.2203231e-05
   3.4800000e-04    7.0339310e-08    1.5840963e-12    7.2315433e-05
   3.5000000e-04    7.0564701e-08    1.5914731e-12    7.2427511e-05
   3.5200000e-04    7.0834989e-08    1.5988618e-12    7.2539425e-05
   3.5400000e-04    7.1119084e-08    1.6062684e-12    7.2651263e-05
   3.5600000e-04    7.1332455e-08    1.6136933e-12    7.2763034e-05
   3.5800000e-04    7.1583529e-08    1.6211278e-12    7.2874606e-05
   3.6000000e-04    7.1782348e-08    1.6285799e-12    7.2986100e-05
   3.6200000e-04    7.2029452e-08    1.6360415e-12    7.3097395e-05
   3.6400000e-04    7.2284783e-08    1.6435184e-12    7.3208580e-05
   3.6600000e-04    7.2487698e-08    1.6510138e-12    7.3319703e-05
   3.6800000e-04    7.2754613e-08    1.6585243e-12    7.3430713e-05
   3.7000000e-04    7.2975689e-08    1.6660515e-12    7.3541634e-05
   3.7200000e-04    7.3185594e-08    1.6735906e-12    7.3652394e-05
   3.7400000e-04    7.3444801e-08    1.6811419e-12    7.3763003e-05
   3.7600000e-04    7.3708045e-08    1.6887131e-12    7.3873571e-05
   3.7800000e-04    7.3914384e-08    1.6962969e-12    7.3983990e-05
   3.8000000e-04    7.4136683e-08    1.7038961e-12    7.4094306e-05
   3.8200000e-04    7.4410208e-08    1.7115080e-12    7.4204477e-05
   3.8400000e-04    7.4663779e-08    1.7191409e-12    7.4314625e-05
   3.8600000e-04    7.4897934e-08    1.7267937e-12    7.4424732e-05
   3.8800000e-04    7.5146366e-08    1.7344642e-12    7.4534769e-05
   3.9000000e-04    7.5341212e-08    1.7421506e-12    7.4644708e-05
   3.9200000e-04    7.5605820e-08    1.7498476e-12    7.4754476e-05
   3.9400000e-04    7.5799854e-08    1.7575608e-12    7.4864153e-05
   3.9600000e-04    7.6032347e-08    1.7652835e-12    7.4973643e-05
   3.9800000e-04    7.6233267e-08    1.7730162e-12    7.5082956e-05
   4.0000000e-04    7.6493225e-08    1.7807610e-12    7.5192122e-05
   4.0200000e-04    7.6733603e-08    1.7885232e-12    7.5301215e-05
   4.0400000e-04    7.6982469e-08    1.7963006e-12    7.5410208e-05
   4.0600000e-04    7.7198094e-08    1.8040906e-12    7.5519061e-05
   4.0800000e-04    7.7467799e-08    1.8118962e-12    7.5627818e-05
   4.1000000e-04    7.7673229e-08    1.8197241e-12    7.5736573e-05
   4.1200000e-04    7.7956250e-08    1.8275622e-12    7.5845156e-05
   4.1400000e-04    7.8203946e-08    1.8354161e-12    7.5953648e-05
   4.1600000e-04    7.8429264e-08    1.8432912e-12    7.6062124e-05
   4.1800000e-04    7.8643546e-08    1.8511794e-12    7.6170470e-05
   4.2000000e-04    7.8843903e-08    1.8590783e-12    7.6278654e-05
   4.2200000e-04    7.9133332e-08    1.8669878e-12    7.6386678e-05
   4.2400000e-04    7.9361926e-08    1.8749176e-12    7.6494673e-05
   4.2600000e-04    7.9650926e-08    1.8828588e-12    7.6602518e-05
   4.2800000e-04    7.9856059e-08    1.8908226e-12    7.6710367e-05
   4.3000000e-04    8.0085739e-08    1.8988016e-12    7.6818117e-05
   4.3200000e-04    8.0358444e-08    1.9067927e-12    7.6925729e-05
   4.3400000e-04    8.0580944e-08    1.9148013e-12    7.7033277e-05
   4.3600000e-04    8.0816727e-08    1.9228285e-12    7.7140772e-05
   4.3800000e-04    8.1057121e-08    1.9308686e-12    7.7248141e-05
   4.4000000e-04    8.1257939e-08    1.9389217e-12    7.7355386e-05
   4.4200000e-04    8.1526834e-08    1.9469893e-12    7.7462525e-05
   4.4400000e-04    8.1760376e-08    1.9550784e-12    7.7569654e-05
   4.4600000e-04    8.2014387e-08    1.9631864e-12    7.7676737e-05
   4.4800000e-04    8.2255001e-08    1.9713089e-12    7.7783717e-05
   4.5000000e-04    8.2520190e-08    1.9794436e-12    7.7890562e-05
   4.5200000e-04    8.2718981e-08    1.9875938e-12    7.7997318e-05
   4.5400000e-04    8.2931476e-08    1.9957559e-12    7.8103939e-05
   4.5600000e-04    8.3192913e-08    2.0039262e-12    7.8210375e-05
   4.5800000e-04    8.3466148e-08    2.0121132e-12    7.8316740e-05
   4.6000000e-04    8.3708253e-08    2.0203194e-12    7.8423064e-05
   4.6200000e-04    8.3958269e-08    2.0285406e-12    7.8529295e-05
   4.6400000e-04    8.4161278e-08    2.0367768e-12    7.8635431e-05
   4.6600000e-04    8.4361695e-08    2.0450273e-12    7.8741467e-05
   4.6800000e-04    8.4626116e-08    2.0532916e-12    7.8847394e-05
   4.7000000e-04    8.4861730e-08    2.0615705e-12    7.8953223e-05
   4.7200000e-04    8.5078555e-08    2.0698644e-12    7.9058959e-05
   4.7400000e-04    8.5337159e-08    2.0781658e-12    7.9164510e-05
   4.7600000e-04    8.5626828e-08    2.0864785e-12    7.9269922e-05
   4.7800000e-04    8.5907662e-08    2.0948132e-12    7.9375334e-05
   4.8000000e-04    8.6108471e-08    2.1031636e-12    7.9480663e-05
   4.8200000e-04    8.6339558e-08    2.1115221e-12    7.9585816e-05
   4.8400000e-04    8.6569095e-08    2.1198909e-12    7.9690821e-05
   4.8600000e-04    8.6795493e-08    2.1282754e-12    7.9795746e-05
   4.8800000e-04    8.7089789e-08    2.1366719e-12    7.9900545e-05
   4.9000000e-04    8.7261410e-08    2.1450841e-12    8.0005266e-05
   4.9200000e-04    8.7550181e-08    2.1535095e-12    8.0109877e-05
   4.9400000e-04    8.7780131e-08    2.1619562e-12    8.0214477e-05
   4.9600000e-04    8.8034510e-08    2.1704153e-12    8.0318960e-05
   4.9800000e-04    8.8290339e-08    2.1788908e-12    8.0423373e-05
   5.0000000e-04    8.8514597e-08    2.1873827e-12    8.0527717e-05
   5.0200000e-04    8.8757653e-08    2.1958863e-12    8.0631935e-05
   5.0400000e-04    8.9017430e-08    2.2044127e-12    8.0736162e-05
   5.0600000e-04    8.9314091e-08    2.2129574e-12    8.0840343e-05
   5.0800000e-04    8.9557477e-08    2.2215168e-12    8.0944435e-05
   5.1000000e-04    8.9794790e-08    2.2300937e-12    8.1048472e-05
   5.1200000e-04    9.0007994e-08    2.2386845e-12    8.1152411e-05
   5.1400000e-04    9.0232685e-08    2.2472896e-12    8.1256256e-05
   5.1600000e-04    9.0521971e-08    2.2559074e-12    8.1359990e-05
   5.1800000e-04    9.0770818e-08    2.2645367e-12    8.1463598e-05
   5.2000000e-04    9.0942624e-08    2.2731788e-12    8.1567095e-05
   5.2200000e-04    9.1232329e-08    2.2818378e-12    8.1670532e-05
   5.2400000e-04    9.1432303e-08    2.2905145e-12    8.1773920e-05
   5.2600000e-04    9.1680749e-08    2.2991993e-12    8.1877141e-05
   5.2800000e-04    9.1880410e-08    2.3078957e-12    8.1980240e-05
   5.3000000e-04    9.2105666e-08    2.3166019e-12    8.2083197e-05
   5.3200000e-04    9.2364642e-08    2.3253183e-12    8.2186017e-05
   5.3400000e-04    9.2691715e-08    2.3340551e-12    8.2288819e-05
   5.3600000e-04    9.2902335e-08    2.3428131e-12    8.2391614e-05
   5.3800000e-04    9.3210347e-08    2.3515818e-12    8.2494278e-05
   5.4000000e-04    9.3463604e-08    2.3603698e-12    8.2596912e-05
   5.4200000e-04    9.3667774e-08    2.3691739e-12    8.2699480e-05
   5.4400000e-04    9.3873277e-08    2.3779884e-12    8.2801914e-05
   5.4600000e-04    9.4100491e-08    2.3868180e-12    8.2904270e-05
   5.4800000e-04    9.4358021e-08    2.3956636e-12    8.3006558e-05
   5.5000000e-04    9.4590060e-08    2.4045268e-12    8.3108799e-05
   5.5200000e-04    9.4865957e-08    2.4134066e-12    8.3210979e-05
   5.5400000e-04    9.5070714e-08    2.4223012e-12    8.3313078e-05
   5.5600000e-04    9.5400867e-08    2.4312072e-12    8.3415057e-05
   5.5800000e-04    9.5592117e-08    2.4401375e-12    8.3517066e-05
   5.6000000e-04    9.5879208e-08    2.4490773e-12    8.3618935e-05
   5.6200000e-04    9.6113069e-08    2.4580342e-12    8.3720748e-05
   5.6400000e-04    9.6340219e-08    2.4670026e-12    8.3822447e-05
   5.6600000e-04    9.6555674e-08    2.4759882e-12    8.3924093e-05
   5.6800000e-04    9.6848316e-08    2.4849815e-12    8.4025580e-05
   5.7000000e-04    9.7091713e-08    2.4939938e-12    8.4127036e-05
   5.7200000e-04    9.7385182e-08    2.5030243e-12    8.4228452e-05
   5.7400000e-04    9.7627529e-08    2.5120723e-12    8.4329820e-05
   5.7600000e-04    9.7897410e-08    2.5211352e-12    8.4431112e-05
   5.7800000e-04    9.8135956e-08    2.5302155e-12    8.4532355e-05
   5.8000000e-04    9.8342829e-08    2.5393065e-12    8.4633475e-05
   5.8200000e-04    9.8581635e-08    2.5484080e-12    8.4734469e-05
   5.8400000e-04    9.8874073e-08    2.5575193e-12    8.4835333e-05
   5.8600000e-04    9.9076817e-08    2.5666463e-12    8.4936131e-05
   5.8800000e-04    9.9353271e-08    2.5757845e-12    8.5036812e-05
   5.9000000e-04    9.9623724e-08    2.5849465e-12    8.5137517e-05
   5.9200000e-04    9.9876217e-08    2.5941202e-12    8.5238114e-05
   5.9400000e-04    1.0009742e-07    2.6033108e-12    8.5338657e-05
   5.9600000e-04    1.0035736e-07    2.6125116e-12    8.5439075e-05
   5.9800000e-04    1.0061052e-07    2.6217291e-12    8.5539440e-05
   6.0000000e-04    1.0091022e-07    2.6309622e-12    8.5639739e-05
   6.0200000e-04    1.0110815e-07    2.6402198e-12    8.5740069e-05
   6.0400000e-04    1.0129662e-07    2.6494901e-12    8.5840300e-05
   6.0600000e-04    1.0158043e-07    2.6587648e-12    8.5940347e-05
   6.0800000e-04    1.0183604e-07    2.6680554e-12    8.6040332e-05
   6.1000000e-04    1.0208332e-07    2.6773589e-12    8.6140224e-05
   6.1200000e-04    1.0234560e-07    2.6866779e-12    8.6240049e-05
   6.1400000e-04    1.0262710e-07    2.6960113e-12    8.6339799e-05
   6.1600000e-04    1.0287822e-07    2.7053637e-12    8.6439520e-05
   6.1800000e-04    1.0309899e-07    2.7147283e-12    8.6539143e-05
   6.2000000e-04    1.0336925e-07    2.7241068e-12    8.6638683e-05
   6.2200000e-04    1.0364102e-07    2.7335040e-12    8.6738193e-05
   6.2400000e-04    1.0387139e-07    2.7429222e-12    8.6837696e-05
   6.2600000e-04    1.0410459e-07    2.7523541e-12    8.6937116e-05
   6.2800000e-04    1.0431095e-07    2.7617941e-12    8.7036395e-05
   6.3000000e-04    1.0452911e-07    2.7712470e-12    8.7135583e-05
   6.3200000e-04    1.0484946e-07    2.7807132e-12    8.7234684e-05
   6.3400000e-04    1.0507676e-07    2.7901992e-12    8.7333768e-05
   6.3600000e-04    1.0535415e-07    2.7996989e-12    8.7432771e-05
   6.3800000e-04    1.0558359e-07    2.8092128e-12    8.7531696e-05
   6.4000000e-04    1.0586056e-07    2.8187345e-12    8.7630479e-05
   6.4200000e-04    1.0611644e-07    2.8282689e-12    8.7729172e-05
   6.4400000e-04    1.0637062e-07    2.8378179e-12    8.7827794e-05
   6.4600000e-04    1.0660396e-07    2.8473821e-12    8.7926350e-05
   6.4800000e-04    1.0692691e-07    2.8569645e-12    8.8024874e-05
   6.5000000e-04    1.0718853e-07    2.8665648e-12    8.8123361e-05
   6.5200000e-04    1.0744054e-07    2.8761840e-12    8.8221821e-05
   6.5400000e-04    1.0765658e-07    2.8858184e-12    8.8320217e-05
   6.5600000e-04    1.0790537e-07    2.8954665e-12    8.8418534e-05
   6.5800000e-04    1.0817245e-07    2.9051251e-12    8.8516740e-05
   6.6000000e-04    1.0839619e-07    2.9147941e-12    8.8614833e-05
   6.6200000e-04    1.0864052e-07    2.9244729e-12    8.8712809e-05
   6.6400000e-04    1.0889336e-07    2.9341685e-12    8.8810738e-05
   6.6600000e-04    1.0919665e-07    2.9438782e-12    8.8908594e-05
   6.6800000e-04    1.0941927e-07    2.9536020e-12    8.9006376e-05
   6.7000000e-04    1.0966301e-07    2.9633448e-12    8.9104135e-05
   6.7200000e-04    1.0992960e-07    2.9731007e-12    8.9201811e-05
   6.7400000e-04    1.1017089e-07    2.9828766e-12    8.9299473e-05
   6.7600000e-04    1.1040978e-07    2.9926650e-12    8.9397045e-05
   6.7800000e-04    1.1066897e-07    3.0024642e-12    8.9494513e-05
   6.8000000e-04    1.1092060e-07    3.0122787e-12    8.9591921e-05
   6.8200000e-04    1.1114211e-07    3.0221132e-12    8.9689315e-05
   6.8400000e-04    1.1146958e-07    3.0319634e-12    8.9786653e-05
   6.8600000e-04    1.1174410e-07    3.0418324e-12    8.9883965e-05
   6.8800000e-04    1.1199356e-07    3.0517237e-12    8.9981287e-05
   6.9000000e-04    1.1221749e-07    3.0616335e-12    9.0078579e-05
   6.9200000e-04    1.1246629e-07    3.0715507e-12    9.0175736e-05
   6.9400000e-04    1.1269362e-07    3.0814859e-12    9.0272858e-05
   6.9600000e-04    1.1293115e-07    3.0914348e-12    9.0369905e-05
   6.9800000e-04    1.1313225e-07    3.1013945e-12    9.0466850e-05
   7.0000000e-04    1.1340845e-07    3.1113604e-12    9.0563647e-05
   7.0200000e-04    1.1372590e-07    3.1213412e-12    9.0660382e-05
   7.0400000e-04    1.1398170e-07    3.1313435e-12    9.0757119e-05
   7.0600000e-04    1.1422252e-07    3.1413602e-12    9.0853789e-05
   7.0800000e-04    1.1450743e-07    3.1513846e-12    9.0950327e-05
   7.1000000e-04    1.1472678e-07    3.1614312e-12    9.1046874e-05
   7.1200000e-04    1.1494259e-07    3.1714926e-12    9.1143359e-05
   7.1400000e-04    1.1521080e-07    3.1815598e-12    9.1239695e-05
   7.1600000e-04    1.1544226e-07    3.1916379e-12    9.1335932e-05
   7.1800000e-04    1.1576347e-07    3.2017274e-12    9.1432076e-05
   7.2000000e-04    1.1596644e-07    3.2118365e-12    9.1528204e-05
   7.2200000e-04    1.1626315e-07    3.2219495e-12    9.1624168e-05
   7.2400000e-04    1.1651542e-07    3.2320750e-12    9.1720048e-05
   7.2600000e-04    1.1681060e-07    3.2422128e-12    9.1815845e-05
   7.2800000e-04    1.1704575e-07    3.2523684e-12    9.1911610e-05
   7.3000000e-04    1.1730153e-07    3.2625422e-12    9.2007347e-05
   7.3200000e-04    1.1753114e-07    3.2727308e-12    9.2103025e-05
   7.3400000e-04    1.1780715e-07    3.2829329e-12    9.2198629e-05
   7.3600000e-04    1.1805354e-07    3.2931539e-12    9.2294214e-05
   7.3800000e-04    1.1832825e-07    3.3033861e-12    9.2389704e-05
   7.4000000e-04    1.1860538e-07    3.3136373e-12    9.2485174e-05
   7.4200000e-04    1.1886775e-07    3.3239052e-12    9.2580604e-05
   7.4400000e-04    1.1909180e-07    3.3341870e-12    9.2675965e-05
   7.4600000e-04    1.1934993e-07    3.3444786e-12    9.2771220e-05
   7.4800000e-04    1.1962312e-07    3.3547883e-12    9.2866449e-05
   7.5000000e-04    1.1988407e-07    3.3651150e-12    9.2961638e-05
   7.5200000e-04    1.2014387e-07    3.3754558e-12    9.3056762e-05
   7.5400000e-04    1.2041979e-07    3.3858117e-12    9.3151831e-05
   7.5600000e-04    1.2066060e-07    3.3961851e-12    9.3246867e-05
   7.5800000e-04    1.2092424e-07    3.4065666e-12    9.3341783e-05
   7.6000000e-04    1.2120379e-07    3.4169575e-12    9.3436592e-05
   7.6200000e-04    1.2142052e-07    3.4273616e-12    9.3531329e-05
   7.6400000e-04    1.2167869e-07    3.4377755e-12    9.3625964e-05
   7.6600000e-04    1.2197469e-07    3.4482051e-12    9.3720550e-05
   7.6800000e-04    1.2218907e-07    3.4586469e-12    9.3815055e-05
   7.7000000e-04    1.2240796e-07    3.4690928e-12    9.3909408e-05
   7.7200000e-04    1.2268875e-07    3.4795533e-12    9.4003703e-05
   7.7400000e-04    1.2294373e-07    3.4900255e-12    9.4097914e-05
   7.7600000e-04    1.2327549e-07    3.5005115e-12    9.4192061e-05
   7.7800000e-04    1.2354645e-07    3.5110173e-12    9.4286197e-05
   7.8000000e-04    1.2377739e-07    3.5215391e-12    9.4380289e-05
   7.8200000e-04    1.2403320e-07    3.5320725e-12    9.4474296e-05
   7.8400000e-04    1.2422766e-07    3.5426240e-12    9.4568279e-05
   7.8600000e-04    1.2453349e-07    3.5531819e-12    9.4662131e-05
   7.8800000e-04    1.2479836e-07    3.5637540e-12    9.4755924e-05
   7.9000000e-04    1.2510075e-07    3.5743423e-12    9.4849675e-05
   7.9200000e-04    1.2532187e-07    3.5849514e-12    9.4943423e-05
   7.9400000e-04    1.2556647e-07    3.5955754e-12    9.5037119e-05
   7.9600000e-04    1.2583343e-07    3.6062145e-12    9.5130763e-05
   7.9800000e-04    1.2605150e-07    3.6168751e-12    9.5224413e-05
   8.0000000e-04    1.2633250e-07    3.6275509e-12    9.5318010e-05
   8.0200000e-04    1.2659767e-07    3.6382380e-12    9.5411523e-05
   8.0400000e-04    1.2689526e-07    3.6489364e-12    9.5504953e-05
   8.0600000e-04    1.2714675e-07    3.6596587e-12    9.5598407e-05
   8.0800000e-04    1.2745916e-07    3.6703899e-12    9.5691758e-05
   8.1000000e-04    1.2767406e-07    3.6811413e-12    9.5785100e-05
   8.1200000e-04    1.2792988e-07    3.6919073e-12    9.5878388e-05
   8.1400000e-04    1.2817485e-07    3.7026922e-12    9.5971659e-05
   8.1600000e-04    1.2844100e-07    3.7134934e-12    9.6064889e-05
   8.1800000e-04    1.2869290e-07    3.7243043e-12    9.6158021e-05
   8.2000000e-04    1.2898446e-07    3.7351363e-12    9.6251155e-05
   8.2200000e-04    1.2925131e-07    3.7459878e-12    9.6344276e-05
   8.2400000e-04    1.2950037e-07    3.7568531e-12    9.6437335e-05
   8.2600000e-04    1.2980982e-07    3.7677237e-12    9.6530261e-05
   8.2800000e-04    1.3005353e-07    3.7786089e-12    9.6623132e-05
   8.3000000e-04    1.3025901e-07    3.7895069e-12    9.6715935e-05
   8.3200000e-04    1.3056828e-07    3.8004149e-12    9.6808644e-05
   8.3400000e-04    1.3078793e-07    3.8113407e-12    9.6901327e-05
   8.3600000e-04    1.3107717e-07    3.8222787e-12    9.6993935e-05
   8.3800000e-04    1.3132207e-07    3.8332314e-12    9.7086492e-05
   8.4000000e-04    1.3160866e-07    3.8441938e-12    9.7178954e-05
   8.4200000e-04    1.3187275e-07    3.8551650e-12    9.7271315e-05
   8.4400000e-04    1.3214267e-07    3.8661461e-12    9.7363584e-05
   8.4600000e-04    1.3238878e-07    3.8771420e-12    9.7455802e-05
   8.4800000e-04    1.3263113e-07    3.8881526e-12    9.7547969e-05
   8.5000000e-04    1.3287711e-07    3.8991760e-12    9.7640068e-05
   8.5200000e-04    1.3317379e-07    3.9102082e-12    9.7732068e-05
   8.5400000e-04    1.3343207e-07    3.9212549e-12    9.7824016e-05
   8.5600000e-04    1.3365644e-07    3.9323187e-12    9.7915933e-05
   8.5800000e-04    1.3394519e-07    3.9433881e-12    9.8007724e-05
   8.6000000e-04    1.3414087e-07    3.9544725e-12    9.8099468e-05
   8.6200000e-04    1.3444555e-07    3.9655641e-12    9.8191099e-05
   8.6400000e-04    1.3472509e-07    3.9766710e-12    9.8282686e-05
   8.6600000e-04    1.3499889e-07    3.9878000e-12    9.8374285e-05
   8.6800000e-04    1.3525548e-07    3.9989445e-12    9.8465840e-05
   8.7000000e-04    1.3552699e-07    4.0101009e-12    9.8557323e-05
   8.7200000e-04    1.3576244e-07    4.0212677e-12    9.8648721e-05
   8.7400000e-04    1.3604814e-07    4.0324480e-12    9.8740061e-05
   8.7600000e-04    1.3629493e-07    4.0436488e-12    9.8831398e-05
   8.7800000e-04    1.3657795e-07    4.0548641e-12    9.8922686e-05
   8.8000000e-04    1.3686922e-07    4.0661058e-12    9.9014019e-05
   8.8200000e-04    1.3711656e-07    4.0773676e-12    9.9105347e-05
   8.8400000e-04    1.3735616e-07    4.0886377e-12    9.9196574e-05
   8.8600000e-04    1.3763474e-07    4.0999252e-12    9.9287774e-05
   8.8800000e-04    1.3786366e-07    4.1112344e-12    9.9378982e-05
   8.9000000e-04    1.3814783e-07    4.1225593e-12    9.9470149e-05
   8.9200000e-04    1.3841655e-07    4.1338966e-12    9.9561249e-05
   8.9400000e-04    1.3874410e-07    4.1452490e-12    9.9652303e-05
   8.9600000e-04    1.3899491e-07    4.1566142e-12    9.9743293e-05
   8.9800000e-04    1.3927695e-07    4.1679842e-12    9.9834156e-05
   9.0000000e-04    1.3953716e-07    4.1793650e-12    9.9924940e-05
   9.0200000e-04    1.3978335e-07    4.1907591e-12    1.0001567e-04
   9.0400000e-04    1.4001787e-07    4.2021642e-12    1.0010631e-04
   9.0600000e-04    1.4025255e-07    4.2135864e-12    1.0019693e-04
   9.0800000e-04    1.4059386e-07    4.2250184e-12    1.0028747e-04
   9.1000000e-04    1.4084135e-07    4.2364682e-12    1.0037798e-04
   9.1200000e-04    1.4111998e-07    4.2479323e-12    1.0046844e-04
   9.1400000e-04    1.4138321e-07    4.2594070e-12    1.0055882e-04
   9.1600000e-04    1.4163003e-07    4.2709020e-12    1.0064920e-04
   9.1800000e-04    1.4185169e-07    4.2824067e-12    1.0073949e-04
   9.2000000e-04    1.4210629e-07    4.2939164e-12    1.0082967e-04
   9.2200000e-04    1.4246721e-07    4.3054399e-12    1.0091978e-04
   9.2400000e-04    1.4279402e-07    4.3169852e-12    1.0100991e-04
   9.2600000e-04    1.4303046e-07    4.3285475e-12    1.0110001e-04
   9.2800000e-04    1.4326466e-07    4.3401196e-12    1.0119002e-04
   9.3000000e-04    1.4358435e-07    4.3517058e-12    1.0127999e-04
   9.3200000e-04    1.4382293e-07    4.3633042e-12    1.0136989e-04
   9.3400000e-04    1.4400990e-07    4.3749187e-12    1.0145975e-04
   9.3600000e-04    1.4429617e-07    4.3865423e-12    1.0154953e-04
   9.3800000e-04    1.4460965e-07    4.3981793e-12    1.0163925e-04
   9.4000000e-04    1.4491263e-07    4.4098320e-12    1.0172893e-04
   9.4200000e-04    1.4519118e-07    4.4215096e-12    1.0181865e-04
   9.4400000e-04    1.4546946e-07    4.4332017e-12    1.0190832e-04
   9.4600000e-04    1.4576558e-07    4.4449101e-12    1.0199795e-04
   9.4800000e-04    1.4602069e-07    4.4566324e-12    1.0208754e-04
   9.5000000e-04    1.4627685e-07    4.4683719e-12    1.0217710e-04
   9.5200000e-04    1.4653743e-07    4.4801276e-12    1.0226663e-04
   9.5400000e-04    1.4684287e-07    4.4918906e-12    1.0235605e-04
   9.5600000e-04    1.4706118e-07    4.5036731e-12    1.0244547e-04
   9.5800000e-04    1.4726345e-07    4.5154679e-12    1.0253482e-04
   9.6000000e-04    1.4754097e-07    4.5272722e-12    1.0262409e-04
   9.6200000e-04    1.4780238e-07    4.5390920e-12    1.0271333e-04
   9.6400000e-04    1.4800893e-07    4.5509325e-12    1.0280256e-04
   9.6600000e-04    1.4831802e-07    4.5627788e-12    1.0289168e-04
   9.6800000e-04    1.4864925e-07    4.5746473e-12    1.0298082e-04
   9.7000000e-04    1.4890447e-07    4.5865360e-12    1.0306995e-04
   9.7200000e-04    1.4916391e-07    4.5984376e-12    1.0315902e-04
   9.7400000e-04    1.4947127e-07    4.6103507e-12    1.0324803e-04
   9.7600000e-04    1.4972467e-07    4.6222755e-12    1.0333697e-04
   9.7800000e-04    1.4996668e-07    4.6342116e-12    1.0342585e-04
   9.8000000e-04    1.5020043e-07    4.6461539e-12    1.0351461e-04
   9.8200000e-04    1.5039286e-07    4.6581076e-12    1.0360331e-04
   9.8400000e-04    1.5074644e-07    4.6700669e-12    1.0369190e-04
   9.8600000e-04    1.5107422e-07    4.6820401e-12    1.0378044e-04
   9.8800000e-04    1.5135107e-07    4.6940301e-12    1.0386895e-04
   9.9000000e-04    1.5158768e-07    4.7060320e-12    1.0395740e-04
   9.9200000e-04    1.5183764e-07    4.7180444e-12    1.0404578e-04
   9.9400000e-04    1.5218650e-07    4.7300681e-12    1.0413409e-04
   9.9600000e-04    1.5245977e-07    4.7421137e-12    1.0422241e-04
   9.9800000e-04    1.5270913e-07    4.7541724e-12    1.0431068e-04
   1.0000000e-03    1.5297271e-07    4.7662373e-12    1.0439884e-04
   1.0020000e-03    1.5329768e-07    4.7783154e-12    1.0448695e-04
   1.0040000e-03    1.5355739e-07    4.7904095e-12    1.0457503e-04
   1.0060000e-03    1.5386057e-07    4.8025184e-12    1.0466307e-04
   1.0080000e-03    1.5410685e-07    4.8146432e-12    1.0475108e-04
   1.0100000e-03    1.5433806e-07    4.8267771e-12    1.0483900e-04
   1.0120000e-03    1.5457288e-07    4.8389189e-12    1.0492684e-04
   1.0140000e-03    1.5483794e-07    4.8510679e-12    1.0501458e-04
   1.0160000e-03    1.5514699e-07    4.8632271e-12    1.0510224e-04
   1.0180000e-03    1.5543596e-07    4.8754111e-12    1.0518994e-04
   1.0200000e-03    1.5563567e-07    4.8876099e-12    1.0527760e-04
   1.0220000e-03    1.5593959e-07    4.8998167e-12    1.0536517e-04
   1.0240000e-03    1.5631430e-07    4.9120356e-12    1.0545268e-04
   1.0260000e-03    1.5659423e-07    4.9242834e-12    1.0554026e-04
   1.0280000e-03    1.5683634e-07    4.9365546e-12    1.0562785e-04
   1.0300000e-03    1.5708699e-07    4.9488394e-12    1.0571540e-04
   1.0320000e-03    1.5733330e-07    4.9611362e-12    1.0580289e-04
   1.0340000e-03    1.5760437e-07    4.9734447e-12    1.0589031e-04
   1.0360000e-03    1.5785136e-07    4.9857688e-12    1.0597770e-04
   1.0380000e-03    1.5812649e-07    4.9981021e-12    1.0606502e-04
   1.0400000e-03    1.5839290e-07    5.0104500e-12    1.0615229e-04
   1.0420000e-03    1.5869387e-07    5.0228104e-12    1.0623951e-04
   1.0440000e-03    1.5890514e-07    5.0351863e-12    1.0632669e-04
   1.0460000e-03    1.5917442e-07    5.0475706e-12    1.0641379e-04
   1.0480000e-03    1.5945147e-07    5.0599586e-12    1.0650078e-04
   1.0500000e-03    1.5978432e-07    5.0723629e-12    1.0658774e-04
   1.0520000e-03    1.6000527e-07    5.0847763e-12    1.0667461e-04
   1.0540000e-03    1.6031217e-07    5.0972013e-12    1.0676143e-04
   1.0560000e-03    1.6057888e-07    5.1096398e-12    1.0684820e-04
   1.0580000e-03    1.6085195e-07    5.1220896e-12    1.0693491e-04
   1.0600000e-03    1.6115701e-07    5.1345563e-12    1.0702160e-04
   1.0620000e-03    1.6143306e-07    5.1470323e-12    1.0710821e-04
   1.0640000e-03    1.6174789e-07    5.1595201e-12    1.0719476e-04
   1.0660000e-03    1.6206149e-07    5.1720228e-12    1.0728128e-04
   1.0680000e-03    1.6235468e-07    5.1845480e-12    1.0736781e-04
   1.0700000e-03    1.6256799e-07    5.1970917e-12    1.0745433e-04
   1.0720000e-03    1.6284113e-07    5.2096426e-12    1.0754076e-04
   1.0740000e-03    1.6312748e-07    5.2221994e-12    1.0762709e-04
   1.0760000e-03    1.6335477e-07    5.2347713e-12    1.0771339e-04
   1.0780000e-03    1.6359700e-07    5.2473583e-12    1.0779965e-04
   1.0800000e-03    1.6389327e-07    5.2599574e-12    1.0788586e-04
   1.0820000e-03    1.6416147e-07    5.2725623e-12    1.0797197e-04
   1.0840000e-03    1.6445899e-07    5.2851835e-12    1.0805806e-04
   1.0860000e-03    1.6475307e-07    5.2978260e-12    1.0814415e-04
   1.0880000e-03    1.6498157e-07    5.3104823e-12    1.0823020e-04
   1.0900000e-03    1.6525821e-07    5.3231418e-12    1.0831613e-04
   1.0920000e-03    1.6551288e-07    5.3358192e-12    1.0840205e-04
   1.0940000e-03    1.6578873e-07    5.3485137e-12    1.0848795e-04
   1.0960000e-03    1.6606532e-07    5.3612209e-12    1.0857380e-04
   1.0980000e-03    1.6628114e-07    5.3739439e-12    1.0865962e-04
   1.1000000e-03    1.6662389e-07    5.3866777e-12    1.0874537e-04
   1.1020000e-03    1.6688089e-07    5.3994402e-12    1.0883119e-04
   1.1040000e-03    1.6710492e-07    5.4122197e-12    1.0891698e-04
   1.1060000e-03    1.6744831e-07    5.4250079e-12    1.0900270e-04
   1.1080000e-03    1.6772967e-07    5.4378160e-12    1.0908842e-04
   1.1100000e-03    1.6799454e-07    5.4506406e-12    1.0917411e-04
   1.1120000e-03    1.6838256e-07    5.4634770e-12    1.0925974e-04
   1.1140000e-03    1.6864230e-07    5.4763352e-12    1.0934539e-04
   1.1160000e-03    1.6892534e-07    5.4892056e-12    1.0943098e-04
   1.1180000e-03    1.6921069e-07    5.5020902e-12    1.0951654e-04
   1.1200000e-03    1.6948925e-07    5.5149878e-12    1.0960204e-04
   1.1220000e-03    1.6976900e-07    5.5278985e-12    1.0968750e-04
   1.1240000e-03    1.7007710e-07    5.5408219e-12    1.0977291e-04
   1.1260000e-03    1.7028116e-07    5.5537667e-12    1.0985833e-04
   1.1280000e-03    1.7056144e-07    5.5667166e-12    1.0994365e-04
   1.1300000e-03    1.7091789e-07    5.5796799e-12    1.1002893e-04
   1.1320000e-03    1.7116554e-07    5.5926593e-12    1.1011418e-04
   1.1340000e-03    1.7141692e-07    5.6056450e-12    1.1019934e-04
   1.1360000e-03    1.7168456e-07    5.6186382e-12    1.1028442e-04
   1.1380000e-03    1.7199123e-07    5.6316455e-12    1.1036946e-04
   1.1400000e-03    1.7229849e-07    5.6446736e-12    1.1045450e-04
   1.1420000e-03    1.7252105e-07    5.6577152e-12    1.1053950e-04
   1.1440000e-03    1.7278638e-07    5.6707640e-12    1.1062442e-04
   1.1460000e-03    1.7310825e-07    5.6838134e-12    1.1070921e-04
   1.1480000e-03    1.7334554e-07    5.6968785e-12    1.1079397e-04
   1.1500000e-03    1.7365405e-07    5.7099607e-12    1.1087871e-04
   1.1520000e-03    1.7389975e-07    5.7230569e-12    1.1096342e-04
   1.1540000e-03    1.7418519e-07    5.7361704e-12    1.1104810e-04
   1.1560000e-03    1.7447419e-07    5.7492979e-12    1.1113275e-04
   1.1580000e-03    1.7479389e-07    5.7624425e-12    1.1121738e-04
   1.1600000e-03    1.7509157e-07    5.7756005e-12    1.1130197e-04
   1.1620000e-03    1.7536433e-07    5.7887709e-12    1.1138651e-04
   1.1640000e-03    1.7561420e-07    5.8019572e-12    1.1147102e-04
   1.1660000e-03    1.7587474e-07    5.8151561e-12    1.1155548e-04
   1.1680000e-03    1.7616826e-07    5.8283657e-12    1.1163989e-04
   1.1700000e-03    1.7635559e-07    5.8415853e-12    1.1172423e-04
   1.1720000e-03    1.7664450e-07    5.8548101e-12    1.1180848e-04
   1.1740000e-03    1.7694422e-07    5.8680498e-12    1.1189269e-04
   1.1760000e-03    1.7728193e-07    5.8813011e-12    1.1197686e-04
   1.1780000e-03    1.7761472e-07    5.8945719e-12    1.1206102e-04
   1.1800000e-03    1.7787689e-07    5.9078590e-12    1.1214515e-04
   1.1820000e-03    1.7810375e-07    5.9211561e-12    1.1222923e-04
   1.1840000e-03    1.7834205e-07    5.9344631e-12    1.1231324e-04
   1.1860000e-03    1.7865461e-07    5.9477816e-12    1.1239719e-04
   1.1880000e-03    1.7899079e-07    5.9611158e-12    1.1248112e-04
   1.1900000e-03    1.7927780e-07    5.9744643e-12    1.1256502e-04
   1.1920000e-03    1.7957521e-07    5.9878348e-12    1.1264893e-04
   1.1940000e-03    1.7983052e-07    6.0012233e-12    1.1273283e-04
   1.1960000e-03    1.8015174e-07    6.0146157e-12    1.1281662e-04
   1.1980000e-03    1.8042752e-07    6.0280230e-12    1.1290039e-04
   1.2000000e-03    1.8076095e-07    6.0414399e-12    1.1298409e-04
   1.2020000e-03    1.8093984e-07    6.0548771e-12    1.1306779e-04
   1.2040000e-03    1.8114449e-07    6.0683188e-12    1.1315140e-04
   1.2060000e-03    1.8149674e-07    6.0817746e-12    1.1323497e-04
   1.2080000e-03    1.8179381e-07    6.0952505e-12    1.1331854e-04
   1.2100000e-03    1.8212394e-07    6.1087400e-12    1.1340208e-04
   1.2120000e-03    1.8240387e-07    6.1222435e-12    1.1348558e-04
   1.2140000e-03    1.8258259e-07    6.1357566e-12    1.1356901e-04
   1.2160000e-03    1.8289160e-07    6.1492716e-12    1.1365233e-04
   1.2180000e-03    1.8324375e-07    6.1627988e-12    1.1373561e-04
   1.2200000e-03    1.8357193e-07    6.1763497e-12    1.1381891e-04
   1.2220000e-03    1.8386524e-07    6.1899166e-12    1.1390219e-04
   1.2240000e-03    1.8404705e-07    6.2034952e-12    1.1398541e-04
   1.2260000e-03    1.8436557e-07    6.2170784e-12    1.1406855e-04
   1.2280000e-03    1.8461006e-07    6.2306769e-12    1.1415165e-04
   1.2300000e-03    1.8489616e-07    6.2442753e-12    1.1423464e-04
   1.2320000e-03    1.8523312e-07    6.2578802e-12    1.1431754e-04
   1.2340000e-03    1.8554797e-07    6.2715044e-12    1.1440044e-04
   1.2360000e-03    1.8582960e-07    6.2851467e-12    1.1448333e-04
   1.2380000e-03    1.8612696e-07    6.2988048e-12    1.1456620e-04
   1.2400000e-03    1.8632781e-07    6.3124762e-12    1.1464903e-04
   1.2420000e-03    1.8665138e-07    6.3261478e-12    1.1473174e-04
   1.2440000e-03    1.8702375e-07    6.3398351e-12    1.1481442e-04
   1.2460000e-03    1.8732054e-07    6.3535459e-12    1.1489713e-04
   1.2480000e-03    1.8749783e-07    6.3672681e-12    1.1497979e-04
   1.2500000e-03    1.8781541e-07    6.3809904e-12    1.1506233e-04
   1.2520000e-03    1.8811881e-07    6.3947311e-12    1.1514486e-04
   1.2540000e-03    1.8844657e-07    6.4084881e-12    1.1522737e-04
   1.2560000e-03    1.8865877e-07    6.4222607e-12    1.1530986e-04
   1.2580000e-03    1.8888326e-07    6.4360434e-12    1.1539229e-04
   1.2600000e-03    1.8922605e-07    6.4498321e-12    1.1547464e-04
   1.2620000e-03    1.8955911e-07    6.4636294e-12    1.1555692e-04
   1.2640000e-03    1.8981304e-07    6.4774439e-12    1.1563918e-04
   1.2660000e-03    1.9011334e-07    6.4912759e-12    1.1572144e-04
   1.2680000e-03    1.9033611e-07    6.5051229e-12    1.1580366e-04
   1.2700000e-03    1.9070146e-07    6.5189772e-12    1.1588582e-04
   1.2720000e-03    1.9100897e-07    6.5328468e-12    1.1596794e-04
   1.2740000e-03    1.9128223e-07    6.5467308e-12    1.1605004e-04
   1.2760000e-03    1.9154902e-07    6.5606318e-12    1.1613212e-04
   1.2780000e-03    1.9180574e-07    6.5745471e-12    1.1621417e-04
   1.2800000e-03    1.9206714e-07    6.5884796e-12    1.1629620e-04
   1.2820000e-03    1.9232872e-07    6.6024202e-12    1.1637817e-04
   1.2840000e-03    1.9259811e-07    6.6163748e-12    1.1646010e-04
   1.2860000e-03    1.9287568e-07    6.6303424e-12    1.1654200e-04
   1.2880000e-03    1.9312183e-07    6.6443172e-12    1.1662382e-04
   1.2900000e-03    1.9339591e-07    6.6583015e-12    1.1670558e-04
   1.2920000e-03    1.9374359e-07    6.6722968e-12    1.1678729e-04
   1.2940000e-03    1.9409007e-07    6.6863073e-12    1.1686898e-04
   1.2960000e-03    1.9442228e-07    6.7003366e-12    1.1695066e-04
   1.2980000e-03    1.9468640e-07    6.7143846e-12    1.1703233e-04
   1.3000000e-03    1.9498135e-07    6.7284513e-12    1.1711401e-04
   1.3020000e-03    1.9531218e-07    6.7425290e-12    1.1719563e-04
   1.3040000e-03    1.9562314e-07    6.7566257e-12    1.1727724e-04
   1.3060000e-03    1.9589741e-07    6.7707332e-12    1.1735881e-04
   1.3080000e-03    1.9621824e-07    6.7848476e-12    1.1744030e-04
   1.3100000e-03    1.9647936e-07    6.7989781e-12    1.1752178e-04
   1.3120000e-03    1.9676846e-07    6.8131220e-12    1.1760321e-04
   1.3140000e-03    1.9705400e-07    6.8272787e-12    1.1768461e-04
   1.3160000e-03    1.9729336e-07    6.8414395e-12    1.1776592e-04
   1.3180000e-03    1.9763082e-07    6.8556155e-12    1.1784720e-04
   1.3200000e-03    1.9786140e-07    6.8698085e-12    1.1792847e-04
   1.3220000e-03    1.9810467e-07    6.8840081e-12    1.1800967e-04
   1.3240000e-03    1.9842084e-07    6.8982155e-12    1.1809080e-04
   1.3260000e-03    1.9869575e-07    6.9124471e-12    1.1817195e-04
   1.3280000e-03    1.9891412e-07    6.9266911e-12    1.1825306e-04
   1.3300000e-03    1.9924045e-07    6.9409440e-12    1.1833412e-04
   1.3320000e-03    1.9957167e-07    6.9552103e-12    1.1841514e-04
   1.3340000e-03    1.9987159e-07    6.9694890e-12    1.1849611e-04
   1.3360000e-03    2.0014376e-07    6.9837824e-12    1.1857706e-04
   1.3380000e-03    2.0043225e-07    6.9980939e-12    1.1865801e-04
   1.3400000e-03    2.0072613e-07    7.0124226e-12    1.1873894e-04
   1.3420000e-03    2.0108108e-07    7.0267608e-12    1.1881981e-04
   1.3440000e-03    2.0139938e-07    7.0411216e-12    1.1890070e-04
   1.3460000e-03    2.0170620e-07    7.0554917e-12    1.1898153e-04
   1.3480000e-03    2.0205765e-07    7.0698696e-12    1.1906230e-04
   1.3500000e-03    2.0228688e-07    7.0842633e-12    1.1914305e-04
   1.3520000e-03    2.0258471e-07    7.0986687e-12    1.1922375e-04
   1.3540000e-03    2.0280866e-07    7.1130933e-12    1.1930445e-04
   1.3560000e-03    2.0307460e-07    7.1275247e-12    1.1938508e-04
   1.3580000e-03    2.0336462e-07    7.1419593e-12    1.1946561e-04
   1.3600000e-03    2.0370759e-07    7.1564067e-12    1.1954612e-04
   1.3620000e-03    2.0400190e-07    7.1708687e-12    1.1962659e-04
   1.3640000e-03    2.0426560e-07    7.1853408e-12    1.1970701e-04
   1.3660000e-03    2.0455612e-07    7.1998276e-12    1.1978741e-04
   1.3680000e-03    2.0485618e-07    7.2143329e-12    1.1986780e-04
   1.3700000e-03    2.0510055e-07    7.2288528e-12    1.1994816e-04
   1.3720000e-03    2.0544516e-07    7.2433816e-12    1.2002847e-04
   1.3740000e-03    2.0569717e-07    7.2579218e-12    1.2010873e-04
   1.3760000e-03    2.0599813e-07    7.2724709e-12    1.2018893e-04
   1.3780000e-03    2.0629251e-07    7.2870284e-12    1.2026907e-04
   1.3800000e-03    2.0657744e-07    7.3015995e-12    1.2034918e-04
   1.3820000e-03    2.0693467e-07    7.3161773e-12    1.2042922e-04
   1.3840000e-03    2.0728025e-07    7.3307776e-12    1.2050928e-04
   1.3860000e-03    2.0755652e-07    7.3453996e-12    1.2058935e-04
   1.3880000e-03    2.0789119e-07    7.3600327e-12    1.2066937e-04
   1.3900000e-03    2.0808550e-07    7.3746700e-12    1.2074931e-04
   1.3920000e-03    2.0835771e-07    7.3893135e-12    1.2082918e-04
   1.3940000e-03    2.0867610e-07    7.4039712e-12    1.2090902e-04
   1.3960000e-03    2.0901579e-07    7.4186498e-12    1.2098887e-04
   1.3980000e-03    2.0928596e-07    7.4333422e-12    1.2106869e-04
   1.4000000e-03    2.0959562e-07    7.4480457e-12    1.2114846e-04
   1.4020000e-03    2.0987138e-07    7.4627598e-12    1.2122819e-04
   1.4040000e-03    2.1021224e-07    7.4774977e-12    1.2130794e-04
   1.4060000e-03    2.1053110e-07    7.4922528e-12    1.2138768e-04
   1.4080000e-03    2.1082748e-07    7.5070273e-12    1.2146742e-04
   1.4100000e-03    2.1106258e-07    7.5218149e-12    1.2154712e-04
   1.4120000e-03    2.1142042e-07    7.5366116e-12    1.2162677e-04
   1.4140000e-03    2.1169581e-07    7.5514294e-12    1.2170643e-04
   1.4160000e-03    2.1194439e-07    7.5662621e-12    1.2178606e-04
   1.4180000e-03    2.1219609e-07    7.5810938e-12    1.2186559e-04
   1.4200000e-03    2.1249981e-07    7.5959447e-12    1.2194511e-04
   1.4220000e-03    2.1288461e-07    7.6108045e-12    1.2202458e-04
   1.4240000e-03    2.1320211e-07    7.6256729e-12    1.2210399e-04
   1.4260000e-03    2.1344330e-07    7.6405510e-12    1.2218335e-04
   1.4280000e-03    2.1371899e-07    7.6554266e-12    1.2226259e-04
   1.4300000e-03    2.1403414e-07    7.6703106e-12    1.2234178e-04
   1.4320000e-03    2.1439726e-07    7.6852132e-12    1.2242096e-04
   1.4340000e-03    2.1462898e-07    7.7001313e-12    1.2250012e-04
   1.4360000e-03    2.1493850e-07    7.7150629e-12    1.2257925e-04
   1.4380000e-03    2.1527360e-07    7.7300046e-12    1.2265833e-04
   1.4400000e-03    2.1553767e-07    7.7449667e-12    1.2273742e-04
   1.4420000e-03    2.1583104e-07    7.7599387e-12    1.2281646e-04
   1.4440000e-03    2.1618343e-07    7.7749250e-12    1.2289547e-04
   1.4460000e-03    2.1643783e-07    7.7899274e-12    1.2297446e-04
   1.4480000e-03    2.1682464e-07    7.8049345e-12    1.2305338e-04
   1.4500000e-03    2.1715038e-07    7.8199626e-12    1.2313231e-04
   1.4520000e-03    2.1743723e-07    7.8349983e-12    1.2321118e-04
   1.4540000e-03    2.1772153e-07    7.8500490e-12    1.2329002e-04
   1.4560000e-03    2.1793738e-07    7.8651123e-12    1.2336883e-04
   1.4580000e-03    2.1815565e-07    7.8801806e-12    1.2344756e-04
   1.4600000e-03    2.1852192e-07    7.8952451e-12    1.2352618e-04
   1.4620000e-03    2.1882144e-07    7.9103205e-12    1.2360475e-04
   1.4640000e-03    2.1917706e-07    7.9254061e-12    1.2368327e-04
   1.4660000e-03    2.1949884e-07    7.9405009e-12    1.2376175e-04
   1.4680000e-03    2.1983950e-07    7.9556076e-12    1.2384018e-04
   1.4700000e-03    2.2011796e-07    7.9707331e-12    1.2391862e-04
   1.4720000e-03    2.2037608e-07    7.9858644e-12    1.2399698e-04
   1.4740000e-03    2.2066410e-07    8.0010147e-12    1.2407534e-04
   1.4760000e-03    2.2096904e-07    8.0161753e-12    1.2415366e-04
   1.4780000e-03    2.2120869e-07    8.0313578e-12    1.2423199e-04
   1.4800000e-03    2.2142682e-07    8.0465480e-12    1.2431027e-04
   1.4820000e-03    2.2175482e-07    8.0617472e-12    1.2438849e-04
   1.4840000e-03    2.2208679e-07    8.0769566e-12    1.2446666e-04
   1.4860000e-03    2.2239454e-07    8.0921874e-12    1.2454485e-04
   1.4880000e-03    2.2267396e-07    8.1074284e-12    1.2462299e-04
   1.4900000e-03    2.2301549e-07    8.1226829e-12    1.2470110e-04
   1.4920000e-03    2.2334055e-07    8.1379487e-12    1.2477918e-04
   1.4940000e-03    2.2364494e-07    8.1532266e-12    1.2485721e-04
   1.4960000e-03    2.2396118e-07    8.1685144e-12    1.2493520e-04
   1.4980000e-03    2.2420583e-07    8.1838283e-12    1.2501323e-04
   1.5000000e-03    2.2455839e-07    8.1991483e-12    1.2509119e-04
   1.5020000e-03    2.2481710e-07    8.2144854e-12    1.2516914e-04
   1.5040000e-03    2.2510765e-07    8.2298314e-12    1.2524703e-04
   1.5060000e-03    2.2543701e-07    8.2451883e-12    1.2532489e-04
   1.5080000e-03    2.2569232e-07    8.2605533e-12    1.2540269e-04
   1.5100000e-03    2.2605692e-07    8.2759356e-12    1.2548048e-04
   1.5120000e-03    2.2636488e-07    8.2913349e-12    1.2555826e-04
   1.5140000e-03    2.2661383e-07    8.3067477e-12    1.2563601e-04
   1.5160000e-03    2.2699443e-07    8.3221674e-12    1.2571370e-04
   1.5180000e-03    2.2730788e-07    8.3376009e-12    1.2579137e-04
   1.5200000e-03    2.2754457e-07    8.3530516e-12    1.2586902e-04
   1.5220000e-03    2.2780527e-07    8.3685017e-12    1.2594658e-04
   1.5240000e-03    2.2805152e-07    8.3839669e-12    1.2602411e-04
   1.5260000e-03    2.2838374e-07    8.3994313e-12    1.2610155e-04
   1.5280000e-03    2.2872053e-07    8.4149094e-12    1.2617896e-04
   1.5300000e-03    2.2908864e-07    8.4304015e-12    1.2625635e-04
   1.5320000e-03    2.2941880e-07    8.4458998e-12    1.2633367e-04
   1.5340000e-03    2.2976699e-07    8.4614112e-12    1.2641096e-04
   1.5360000e-03    2.3004896e-07    8.4769416e-12    1.2648825e-04
   1.5380000e-03    2.3026875e-07    8.4924768e-12    1.2656548e-04
   1.5400000e-03    2.3073151e-07    8.5080182e-12    1.2664263e-04
   1.5420000e-03    2.3097659e-07    8.5235871e-12    1.2671983e-04
   1.5440000e-03    2.3126282e-07    8.5391611e-12    1.2679697e-04
   1.5460000e-03    2.3147047e-07    8.5547362e-12    1.2687401e-04
   1.5480000e-03    2.3177359e-07    8.5703151e-12    1.2695098e-04
   1.5500000e-03    2.3208160e-07    8.5859008e-12    1.2702789e-04
   1.5520000e-03    2.3233326e-07    8.6015122e-12    1.2710483e-04
   1.5540000e-03    2.3269781e-07    8.6171316e-12    1.2718172e-04
   1.5560000e-03    2.3292893e-07    8.6327699e-12    1.2725861e-04
   1.5580000e-03    2.3311804e-07    8.6484234e-12    1.2733548e-04
   1.5600000e-03    2.3352443e-07    8.6640798e-12    1.2741228e-04
   1.5620000e-03    2.3386918e-07    8.6797577e-12    1.2748908e-04
   1.5640000e-03    2.3422595e-07    8.6954554e-12    1.2756589e-04
   1.5660000e-03    2.3452959e-07    8.7111610e-12    1.2764265e-04
   1.5680000e-03    2.3485965e-07    8.7268771e-12    1.2771936e-04
   1.5700000e-03    2.3516155e-07    8.7426042e-12    1.2779604e-04
   1.5720000e-03    2.3549758e-07    8.7583448e-12    1.2787269e-04
   1.5740000e-03    2.3570969e-07    8.7741010e-12    1.2794933e-04
   1.5760000e-03    2.3602169e-07    8.7898656e-12    1.2802591e-04
   1.5780000e-03    2.3632434e-07    8.8056383e-12    1.2810244e-04
   1.5800000e-03    2.3673170e-07    8.8214195e-12    1.2817892e-04
   1.5820000e-03    2.3700911e-07    8.8372211e-12    1.2825541e-04
   1.5840000e-03    2.3741892e-07    8.8530263e-12    1.2833183e-04
   1.5860000e-03    2.3771690e-07    8.8688526e-12    1.2840825e-04
   1.5880000e-03    2.3800936e-07    8.8846867e-12    1.2848463e-04
   1.5900000e-03    2.3835807e-07    8.9005272e-12    1.2856094e-04
   1.5920000e-03    2.3865177e-07    8.9163837e-12    1.2863724e-04
   1.5940000e-03    2.3890554e-07    8.9322479e-12    1.2871349e-04
   1.5960000e-03    2.3920105e-07    8.9481225e-12    1.2878969e-04
   1.5980000e-03    2.3945992e-07    8.9640137e-12    1.2886589e-04
   1.6000000e-03    2.3978878e-07    8.9799159e-12    1.2894204e-04
   1.6020000e-03    2.4008130e-07    8.9958259e-12    1.2901815e-04
   1.6040000e-03    2.4033077e-07    9.0117482e-12    1.2909422e-04
   1.6060000e-03    2.4065089e-07    9.0276918e-12    1.2917031e-04
   1.6080000e-03    2.4094431e-07    9.0436420e-12    1.2924634e-04
   1.6100000e-03    2.4129447e-07    9.0595965e-12    1.2932230e-04
   1.6120000e-03    2.4166111e-07    9.0755620e-12    1.2939822e-04
   1.6140000e-03    2.4204673e-07    9.0915480e-12    1.2947415e-04
   1.6160000e-03    2.4234453e-07    9.1075564e-12    1.2955010e-04
   1.6180000e-03    2.4272034e-07    9.1235758e-12    1.2962601e-04
   1.6200000e-03    2.4297464e-07    9.1396009e-12    1.2970186e-04
   1.6220000e-03    2.4331181e-07    9.1556356e-12    1.2977767e-04
   1.6240000e-03    2.4363604e-07    9.1716872e-12    1.2985346e-04
   1.6260000e-03    2.4392027e-07    9.1877514e-12    1.2992923e-04
   1.6280000e-03    2.4418885e-07    9.2038194e-12    1.3000493e-04
   1.6300000e-03    2.4452521e-07    9.2198942e-12    1.3008057e-04
   1.6320000e-03    2.4478026e-07    9.2359747e-12    1.3015615e-04
   1.6340000e-03    2.4517267e-07    9.2520579e-12    1.3023166e-04
   1.6360000e-03    2.4551259e-07    9.2681526e-12    1.3030713e-04
   1.6380000e-03    2.4574250e-07    9.2842616e-12    1.3038258e-04
   1.6400000e-03    2.4604695e-07    9.3003859e-12    1.3045802e-04
   1.6420000e-03    2.4644743e-07    9.3165170e-12    1.3053340e-04
   1.6440000e-03    2.4675271e-07    9.3326628e-12    1.3060876e-04
   1.6460000e-03    2.4709638e-07    9.3488131e-12    1.3068406e-04
   1.6480000e-03    2.4738821e-07    9.3649803e-12    1.3075935e-04
   1.6500000e-03    2.4767083e-07    9.3811603e-12    1.3083461e-04
   1.6520000e-03    2.4797316e-07    9.3973504e-12    1.3090983e-04
   1.6540000e-03    2.4829403e-07    9.4135529e-12    1.3098503e-04
   1.6560000e-03    2.4859947e-07    9.4297742e-12    1.3106022e-04
   1.6580000e-03    2.4893851e-07    9.4460023e-12    1.3113536e-04
   1.6600000e-03    2.4918559e-07    9.4622410e-12    1.3121046e-04
   1.6620000e-03    2.4950678e-07    9.4784887e-12    1.3128552e-04
   1.6640000e-03    2.4985718e-07    9.4947429e-12    1.3136052e-04
   1.6660000e-03    2.5014410e-07    9.5110123e-12    1.3143551e-04
   1.6680000e-03    2.5050495e-07    9.5272960e-12    1.3151048e-04
   1.6700000e-03    2.5078639e-07    9.5435898e-12    1.3158540e-04
   1.6720000e-03    2.5113468e-07    9.5598903e-12    1.3166028e-04
   1.6740000e-03    2.5136180e-07    9.5762121e-12    1.3173516e-04
   1.6760000e-03    2.5169245e-07    9.5925415e-12    1.3181000e-04
   1.6780000e-03    2.5209476e-07    9.6088689e-12    1.3188474e-04
   1.6800000e-03    2.5238795e-07    9.6252081e-12    1.3195945e-04
   1.6820000e-03    2.5271830e-07    9.6415529e-12    1.3203411e-04
   1.6840000e-03    2.5299962e-07    9.6579069e-12    1.3210871e-04
   1.6860000e-03    2.5335438e-07    9.6742720e-12    1.3218329e-04
   1.6880000e-03    2.5366789e-07    9.6906535e-12    1.3225786e-04
   1.6900000e-03    2.5397644e-07    9.7070429e-12    1.3233238e-04
   1.6920000e-03    2.5429754e-07    9.7234384e-12    1.3240684e-04
   1.6940000e-03    2.5464041e-07    9.7398382e-12    1.3248124e-04
   1.6960000e-03    2.5494246e-07    9.7562471e-12    1.3255559e-04
   1.6980000e-03    2.5525841e-07    9.7726571e-12    1.3262987e-04
   1.7000000e-03    2.5549246e-07    9.7890760e-12    1.3270411e-04
   1.7020000e-03    2.5588518e-07    9.8055007e-12    1.3277829e-04
   1.7040000e-03    2.5619112e-07    9.8219367e-12    1.3285243e-04
   1.7060000e-03    2.5647155e-07    9.8383916e-12    1.3292658e-04
   1.7080000e-03    2.5674310e-07    9.8548554e-12    1.3300069e-04
   1.7100000e-03    2.5698037e-07    9.8713189e-12    1.3307471e-04
   1.7120000e-03    2.5729381e-07    9.8877860e-12    1.3314867e-04
   1.7140000e-03    2.5766296e-07    9.9042611e-12    1.3322257e-04
   1.7160000e-03    2.5800700e-07    9.9207476e-12    1.3329645e-04
   1.7180000e-03    2.5835359e-07    9.9372419e-12    1.3337029e-04
   1.7200000e-03    2.5870762e-07    9.9537439e-12    1.3344407e-04
   1.7220000e-03    2.5900150e-07    9.9702542e-12    1.3351781e-04
   1.7240000e-03    2.5925340e-07    9.9867741e-12    1.3359151e-04
   1.7260000e-03    2.5951019e-07    1.0003301e-11    1.3366517e-04
   1.7280000e-03    2.5977094e-07    1.0019836e-11    1.3373878e-04
   1.7300000e-03    2.6016873e-07    1.0036373e-11    1.3381231e-04
