    0.20000000E-05    0.31274306E-07    0.52516473E-12    0.50049796E-04
    0.40000000E-05    0.31486500E-07    0.53005400E-12    0.50204638E-04
    0.60000000E-05    0.31731671E-07    0.53493789E-12    0.50358361E-04
    0.80000000E-05    0.31966969E-07    0.53980782E-12    0.50510715E-04
    0.10000000E-04    0.32179358E-07    0.54465783E-12    0.50661539E-04
    0.12000000E-04    0.32368836E-07    0.54950270E-12    0.50811312E-04
    0.14000000E-04    0.32554178E-07    0.55435727E-12    0.50960504E-04
    0.16000000E-04    0.32751747E-07    0.55919971E-12    0.51108458E-04
    0.18000000E-04    0.33001160E-07    0.56402070E-12    0.51254910E-04
    0.20000000E-04    0.33180263E-07    0.56883317E-12    0.51400274E-04
    0.22000000E-04    0.33424416E-07    0.57364302E-12    0.51544742E-04
    0.24000000E-04    0.33674455E-07    0.57846214E-12    0.51688680E-04
    0.26000000E-04    0.33899137E-07    0.58328721E-12    0.51831998E-04
    0.28000000E-04    0.34096866E-07    0.58811443E-12    0.51974590E-04
    0.30000000E-04    0.34310494E-07    0.59293439E-12    0.52116192E-04
    0.32000000E-04    0.34507341E-07    0.59775895E-12    0.52257163E-04
    0.34000000E-04    0.34720055E-07    0.60258851E-12    0.52397522E-04
    0.36000000E-04    0.34829550E-07    0.60743216E-12    0.52537539E-04
    0.38000000E-04    0.35061856E-07    0.61227524E-12    0.52676797E-04
    0.40000000E-04    0.35237266E-07    0.61713662E-12    0.52815846E-04
    0.42000000E-04    0.35425597E-07    0.62201295E-12    0.52954590E-04
    0.44000000E-04    0.35593611E-07    0.62689350E-12    0.53092730E-04
    0.46000000E-04    0.35792342E-07    0.63178526E-12    0.53230469E-04
    0.48000000E-04    0.35994207E-07    0.63668518E-12    0.53367728E-04
    0.50000000E-04    0.36265773E-07    0.64159200E-12    0.53504475E-04
    0.52000000E-04    0.36449145E-07    0.64652294E-12    0.53641195E-04
    0.54000000E-04    0.36612064E-07    0.65145360E-12    0.53777213E-04
    0.56000000E-04    0.36821417E-07    0.65638668E-12    0.53912613E-04
    0.58000000E-04    0.36983775E-07    0.66132818E-12    0.54047566E-04
    0.60000000E-04    0.37240778E-07    0.66627145E-12    0.54181896E-04
    0.62000000E-04    0.37402307E-07    0.67122659E-12    0.54315883E-04
    0.64000000E-04    0.37643337E-07    0.67618105E-12    0.54449195E-04
    0.66000000E-04    0.37870067E-07    0.68115295E-12    0.54582322E-04
    0.68000000E-04    0.38094599E-07    0.68614282E-12    0.54715282E-04
    0.70000000E-04    0.38270092E-07    0.69114590E-12    0.54847947E-04
    0.72000000E-04    0.38475533E-07    0.69616047E-12    0.54980276E-04
    0.74000000E-04    0.38678058E-07    0.70118520E-12    0.55112237E-04
    0.76000000E-04    0.38879105E-07    0.70621595E-12    0.55243727E-04
    0.78000000E-04    0.39075788E-07    0.71125948E-12    0.55374925E-04
    0.80000000E-04    0.39274257E-07    0.71631792E-12    0.55505890E-04
    0.82000000E-04    0.39503636E-07    0.72138110E-12    0.55636361E-04
    0.84000000E-04    0.39689361E-07    0.72646356E-12    0.55766717E-04
    0.86000000E-04    0.39889366E-07    0.73155309E-12    0.55896646E-04
    0.88000000E-04    0.40100427E-07    0.73665425E-12    0.56026268E-04
    0.90000000E-04    0.40339028E-07    0.74176442E-12    0.56155521E-04
    0.92000000E-04    0.40548350E-07    0.74689226E-12    0.56284626E-04
    0.94000000E-04    0.40708330E-07    0.75203365E-12    0.56413480E-04
    0.96000000E-04    0.40909490E-07    0.75717954E-12    0.56541860E-04
    0.98000000E-04    0.41130452E-07    0.76234126E-12    0.56670051E-04
    0.10000000E-03    0.41322555E-07    0.76751088E-12    0.56797861E-04
    0.10200000E-03    0.41529307E-07    0.77268843E-12    0.56925292E-04
    0.10400000E-03    0.41735775E-07    0.77787785E-12    0.57052446E-04
    0.10600000E-03    0.41904561E-07    0.78308253E-12    0.57179406E-04
    0.10800000E-03    0.42130153E-07    0.78829002E-12    0.57305874E-04
    0.11000000E-03    0.42348194E-07    0.79351736E-12    0.57432265E-04
    0.11200000E-03    0.42534374E-07    0.79875711E-12    0.57558399E-04
    0.11400000E-03    0.42733238E-07    0.80400696E-12    0.57684225E-04
    0.11600000E-03    0.42877048E-07    0.80926839E-12    0.57809781E-04
    0.11800000E-03    0.43086891E-07    0.81453643E-12    0.57934950E-04
    0.12000000E-03    0.43334423E-07    0.81981864E-12    0.58059915E-04
    0.12200000E-03    0.43553597E-07    0.82512284E-12    0.58184861E-04
    0.12400000E-03    0.43796380E-07    0.83044989E-12    0.58309808E-04
    0.12600000E-03    0.44003359E-07    0.83579330E-12    0.58434602E-04
    0.12800000E-03    0.44230167E-07    0.84114745E-12    0.58559115E-04
    0.13000000E-03    0.44440446E-07    0.84652020E-12    0.58683531E-04
    0.13200000E-03    0.44637724E-07    0.85191138E-12    0.58807846E-04
    0.13400000E-03    0.44787025E-07    0.85731539E-12    0.58931931E-04
    0.13600000E-03    0.45007170E-07    0.86272627E-12    0.59055652E-04
    0.13800000E-03    0.45216442E-07    0.86815114E-12    0.59179176E-04
    0.14000000E-03    0.45438143E-07    0.87359240E-12    0.59302556E-04
    0.14200000E-03    0.45674133E-07    0.87904468E-12    0.59425674E-04
    0.14400000E-03    0.45874305E-07    0.88451364E-12    0.59548658E-04
    0.14600000E-03    0.46058024E-07    0.89000086E-12    0.59671543E-04
    0.14800000E-03    0.46276263E-07    0.89549830E-12    0.59794153E-04
    0.15000000E-03    0.46474181E-07    0.90101634E-12    0.59916718E-04
    0.15200000E-03    0.46649317E-07    0.90654487E-12    0.60039016E-04
    0.15400000E-03    0.46872029E-07    0.91208519E-12    0.60161076E-04
    0.15600000E-03    0.47041578E-07    0.91763934E-12    0.60282946E-04
    0.15800000E-03    0.47265780E-07    0.92320191E-12    0.60404509E-04
    0.16000000E-03    0.47509684E-07    0.92878173E-12    0.60525960E-04
    0.16200000E-03    0.47729210E-07    0.93437941E-12    0.60647311E-04
    0.16400000E-03    0.47945119E-07    0.94000058E-12    0.60768685E-04
    0.16600000E-03    0.48137495E-07    0.94563653E-12    0.60889893E-04
    0.16800000E-03    0.48318420E-07    0.95128131E-12    0.61010809E-04
    0.17000000E-03    0.48564690E-07    0.95693932E-12    0.61131530E-04
    0.17200000E-03    0.48810656E-07    0.96261402E-12    0.61252129E-04
    0.17400000E-03    0.49031647E-07    0.96829911E-12    0.61372476E-04
    0.17600000E-03    0.49253176E-07    0.97399657E-12    0.61492612E-04
    0.17800000E-03    0.49483416E-07    0.97970691E-12    0.61612551E-04
    0.18000000E-03    0.49659698E-07    0.98543612E-12    0.61732418E-04
    0.18200000E-03    0.49856949E-07    0.99117866E-12    0.61852099E-04
    0.18400000E-03    0.50059872E-07    0.99693674E-12    0.61971641E-04
    0.18600000E-03    0.50245351E-07    0.10027045E-11    0.62090923E-04
    0.18800000E-03    0.50452272E-07    0.10084882E-11    0.62210077E-04
    0.19000000E-03    0.50651613E-07    0.10142860E-11    0.62329064E-04
    0.19200000E-03    0.50854205E-07    0.10200979E-11    0.62447887E-04
    0.19400000E-03    0.51068301E-07    0.10259283E-11    0.62566635E-04
    0.19600000E-03    0.51309232E-07    0.10317740E-11    0.62685245E-04
    0.19800000E-03    0.51525118E-07    0.10376406E-11    0.62803828E-04
    0.20000000E-03    0.51778679E-07    0.10435236E-11    0.62922294E-04
    0.20200000E-03    0.51939999E-07    0.10494262E-11    0.63040710E-04
    0.20400000E-03    0.52166329E-07    0.10553372E-11    0.63158849E-04
    0.20600000E-03    0.52405431E-07    0.10612663E-11    0.63276909E-04
    0.20800000E-03    0.52601020E-07    0.10672145E-11    0.63394908E-04
    0.21000000E-03    0.52811410E-07    0.10731722E-11    0.63512654E-04
    0.21200000E-03    0.53002137E-07    0.10791471E-11    0.63630306E-04
    0.21400000E-03    0.53209755E-07    0.10851325E-11    0.63747730E-04
    0.21600000E-03    0.53415966E-07    0.10911326E-11    0.63865009E-04
    0.21800000E-03    0.53654954E-07    0.10971459E-11    0.63982115E-04
    0.22000000E-03    0.53899039E-07    0.11031758E-11    0.64099115E-04
    0.22200000E-03    0.54092729E-07    0.11092185E-11    0.64215937E-04
    0.22400000E-03    0.54307665E-07    0.11152723E-11    0.64332550E-04
    0.22600000E-03    0.54544644E-07    0.11213393E-11    0.64448994E-04
    0.22800000E-03    0.54752044E-07    0.11274227E-11    0.64565331E-04
    0.23000000E-03    0.54930763E-07    0.11335202E-11    0.64681521E-04
    0.23200000E-03    0.55118806E-07    0.11396309E-11    0.64797543E-04
    0.23400000E-03    0.55420449E-07    0.11457529E-11    0.64913365E-04
    0.23600000E-03    0.55622365E-07    0.11518996E-11    0.65029240E-04
    0.23800000E-03    0.55801694E-07    0.11580610E-11    0.65144978E-04
    0.24000000E-03    0.56028176E-07    0.11642326E-11    0.65260499E-04
    0.24200000E-03    0.56259596E-07    0.11704215E-11    0.65375931E-04
    0.24400000E-03    0.56470395E-07    0.11766238E-11    0.65491208E-04
    0.24600000E-03    0.56725298E-07    0.11828387E-11    0.65606314E-04
    0.24800000E-03    0.56949880E-07    0.11890774E-11    0.65721454E-04
    0.25000000E-03    0.57164961E-07    0.11953352E-11    0.65836546E-04
    0.25200000E-03    0.57337569E-07    0.12016116E-11    0.65951575E-04
    0.25400000E-03    0.57539549E-07    0.12078984E-11    0.66066394E-04
    0.25600000E-03    0.57754831E-07    0.12142006E-11    0.66181094E-04
    0.25800000E-03    0.57990297E-07    0.12205178E-11    0.66295671E-04
    0.26000000E-03    0.58237793E-07    0.12268485E-11    0.66410095E-04
    0.26200000E-03    0.58453907E-07    0.12331965E-11    0.66524440E-04
    0.26400000E-03    0.58669501E-07    0.12395550E-11    0.66638579E-04
    0.26600000E-03    0.58871511E-07    0.12459306E-11    0.66752636E-04
    0.26800000E-03    0.59104812E-07    0.12523217E-11    0.66866578E-04
    0.27000000E-03    0.59337884E-07    0.12587293E-11    0.66980427E-04
    0.27200000E-03    0.59520573E-07    0.12651570E-11    0.67094245E-04
    0.27400000E-03    0.59721604E-07    0.12715964E-11    0.67207885E-04
    0.27600000E-03    0.59942248E-07    0.12780480E-11    0.67321355E-04
    0.27800000E-03    0.60157062E-07    0.12845137E-11    0.67434691E-04
    0.28000000E-03    0.60332038E-07    0.12909919E-11    0.67547866E-04
    0.28200000E-03    0.60598408E-07    0.12974812E-11    0.67660856E-04
    0.28400000E-03    0.60753994E-07    0.13039913E-11    0.67773830E-04
    0.28600000E-03    0.60993084E-07    0.13105130E-11    0.67886629E-04
    0.28800000E-03    0.61207483E-07    0.13170543E-11    0.67999391E-04
    0.29000000E-03    0.61466327E-07    0.13236134E-11    0.68112087E-04
    0.29200000E-03    0.61683090E-07    0.13301938E-11    0.68224773E-04
    0.29400000E-03    0.61935813E-07    0.13367888E-11    0.68337338E-04
    0.29600000E-03    0.62150148E-07    0.13434045E-11    0.68449885E-04
    0.29800000E-03    0.62333504E-07    0.13500360E-11    0.68562331E-04
    0.30000000E-03    0.62598902E-07    0.13566772E-11    0.68674574E-04
    0.30200000E-03    0.62773252E-07    0.13633372E-11    0.68786766E-04
    0.30400000E-03    0.63013272E-07    0.13700074E-11    0.68898765E-04
    0.30600000E-03    0.63242694E-07    0.13766923E-11    0.69010646E-04
    0.30800000E-03    0.63437900E-07    0.13833900E-11    0.69122379E-04
    0.31000000E-03    0.63663689E-07    0.13900965E-11    0.69233897E-04
    0.31200000E-03    0.63919117E-07    0.13968185E-11    0.69345315E-04
    0.31400000E-03    0.64170661E-07    0.14035562E-11    0.69456634E-04
    0.31600000E-03    0.64364735E-07    0.14103081E-11    0.69567830E-04
    0.31800000E-03    0.64550252E-07    0.14170756E-11    0.69678930E-04
    0.32000000E-03    0.64787939E-07    0.14238550E-11    0.69789869E-04
    0.32200000E-03    0.64957802E-07    0.14306503E-11    0.69900717E-04
    0.32400000E-03    0.65181179E-07    0.14374586E-11    0.70011424E-04
    0.32600000E-03    0.65397237E-07    0.14442837E-11    0.70122054E-04
    0.32800000E-03    0.65637743E-07    0.14511264E-11    0.70232622E-04
    0.33000000E-03    0.65892582E-07    0.14579876E-11    0.70343139E-04
    0.33200000E-03    0.66130843E-07    0.14648690E-11    0.70453633E-04
    0.33400000E-03    0.66346037E-07    0.14717685E-11    0.70564071E-04
    0.33600000E-03    0.66572890E-07    0.14786866E-11    0.70674462E-04
    0.33800000E-03    0.66780830E-07    0.14856251E-11    0.70784831E-04
    0.34000000E-03    0.67012953E-07    0.14925790E-11    0.70895103E-04
    0.34200000E-03    0.67262646E-07    0.14995503E-11    0.71005308E-04
    0.34400000E-03    0.67483123E-07    0.15065376E-11    0.71115422E-04
    0.34600000E-03    0.67666227E-07    0.15135416E-11    0.71225458E-04
    0.34800000E-03    0.67883387E-07    0.15205537E-11    0.71335283E-04
    0.35000000E-03    0.68106357E-07    0.15275785E-11    0.71444968E-04
    0.35200000E-03    0.68291336E-07    0.15346172E-11    0.71554533E-04
    0.35400000E-03    0.68542732E-07    0.15416704E-11    0.71663988E-04
    0.35600000E-03    0.68748546E-07    0.15487413E-11    0.71773384E-04
    0.35800000E-03    0.68979284E-07    0.15558282E-11    0.71882694E-04
    0.36000000E-03    0.69244757E-07    0.15629310E-11    0.71991916E-04
    0.36200000E-03    0.69445932E-07    0.15700550E-11    0.72101132E-04
    0.36400000E-03    0.69650361E-07    0.15771894E-11    0.72210178E-04
    0.36600000E-03    0.69911844E-07    0.15843383E-11    0.72319115E-04
    0.36800000E-03    0.70142776E-07    0.15915004E-11    0.72427925E-04
    0.37000000E-03    0.70388884E-07    0.15986719E-11    0.72536552E-04
    0.37200000E-03    0.70598966E-07    0.16058595E-11    0.72645097E-04
    0.37400000E-03    0.70854469E-07    0.16130598E-11    0.72753511E-04
    0.37600000E-03    0.71107282E-07    0.16202790E-11    0.72861885E-04
    0.37800000E-03    0.71331437E-07    0.16275157E-11    0.72970197E-04
    0.38000000E-03    0.71508788E-07    0.16347647E-11    0.73078375E-04
    0.38200000E-03    0.71733127E-07    0.16420206E-11    0.73186335E-04
    0.38400000E-03    0.71959701E-07    0.16492947E-11    0.73294247E-04
    0.38600000E-03    0.72188092E-07    0.16565862E-11    0.73402098E-04
    0.38800000E-03    0.72388323E-07    0.16638967E-11    0.73509915E-04
    0.39000000E-03    0.72623316E-07    0.16712225E-11    0.73617639E-04
    0.39200000E-03    0.72848289E-07    0.16785675E-11    0.73725332E-04
    0.39400000E-03    0.73097559E-07    0.16859272E-11    0.73832924E-04
    0.39600000E-03    0.73316723E-07    0.16933058E-11    0.73940479E-04
    0.39800000E-03    0.73562127E-07    0.17007031E-11    0.74047994E-04
    0.40000000E-03    0.73839863E-07    0.17081197E-11    0.74155476E-04
    0.40200000E-03    0.74039117E-07    0.17155581E-11    0.74262964E-04
    0.40400000E-03    0.74264565E-07    0.17230103E-11    0.74370338E-04
    0.40600000E-03    0.74501491E-07    0.17304789E-11    0.74477638E-04
    0.40800000E-03    0.74734943E-07    0.17379648E-11    0.74584879E-04
    0.41000000E-03    0.74934867E-07    0.17454704E-11    0.74692093E-04
    0.41200000E-03    0.75179066E-07    0.17529923E-11    0.74799231E-04
    0.41400000E-03    0.75461657E-07    0.17605325E-11    0.74906322E-04
    0.41600000E-03    0.75604526E-07    0.17680904E-11    0.75013360E-04
    0.41800000E-03    0.75807062E-07    0.17756562E-11    0.75120203E-04
    0.42000000E-03    0.76053283E-07    0.17832414E-11    0.75227017E-04
    0.42200000E-03    0.76294198E-07    0.17908432E-11    0.75333761E-04
    0.42400000E-03    0.76504404E-07    0.17984639E-11    0.75440468E-04
    0.42600000E-03    0.76761031E-07    0.18060934E-11    0.75546996E-04
    0.42800000E-03    0.77043358E-07    0.18137455E-11    0.75653538E-04
    0.43000000E-03    0.77278087E-07    0.18214144E-11    0.75760015E-04
    0.43200000E-03    0.77492291E-07    0.18290973E-11    0.75866387E-04
    0.43400000E-03    0.77696562E-07    0.18367937E-11    0.75972646E-04
    0.43600000E-03    0.77960993E-07    0.18444984E-11    0.76078724E-04
    0.43800000E-03    0.78201656E-07    0.18522192E-11    0.76184729E-04
    0.44000000E-03    0.78383139E-07    0.18599554E-11    0.76290649E-04
    0.44200000E-03    0.78579127E-07    0.18676971E-11    0.76396351E-04
    0.44400000E-03    0.78811643E-07    0.18754487E-11    0.76501895E-04
    0.44600000E-03    0.79060024E-07    0.18832161E-11    0.76607363E-04
    0.44800000E-03    0.79232168E-07    0.18909993E-11    0.76712756E-04
    0.45000000E-03    0.79533050E-07    0.18987932E-11    0.76818004E-04
    0.45200000E-03    0.79733643E-07    0.19066078E-11    0.76923243E-04
    0.45400000E-03    0.79935124E-07    0.19144366E-11    0.77028385E-04
    0.45600000E-03    0.80199896E-07    0.19222761E-11    0.77133384E-04
    0.45800000E-03    0.80505110E-07    0.19301318E-11    0.77238314E-04
    0.46000000E-03    0.80744052E-07    0.19380066E-11    0.77343214E-04
    0.46200000E-03    0.80986098E-07    0.19459011E-11    0.77448091E-04
    0.46400000E-03    0.81216583E-07    0.19538102E-11    0.77552879E-04
    0.46600000E-03    0.81377990E-07    0.19617366E-11    0.77657611E-04
    0.46800000E-03    0.81670259E-07    0.19696748E-11    0.77762219E-04
    0.47000000E-03    0.81875915E-07    0.19776341E-11    0.77866820E-04
    0.47200000E-03    0.82115600E-07    0.19856103E-11    0.77971365E-04
    0.47400000E-03    0.82339810E-07    0.19936037E-11    0.78075854E-04
    0.47600000E-03    0.82618575E-07    0.20016158E-11    0.78180307E-04
    0.47800000E-03    0.82811462E-07    0.20096484E-11    0.78284748E-04
    0.48000000E-03    0.82988302E-07    0.20176928E-11    0.78389064E-04
    0.48200000E-03    0.83253080E-07    0.20257476E-11    0.78493237E-04
    0.48400000E-03    0.83488245E-07    0.20338241E-11    0.78597414E-04
    0.48600000E-03    0.83684187E-07    0.20419176E-11    0.78701534E-04
    0.48800000E-03    0.83941618E-07    0.20500223E-11    0.78805524E-04
    0.49000000E-03    0.84141820E-07    0.20581419E-11    0.78909429E-04
    0.49200000E-03    0.84379690E-07    0.20662745E-11    0.79013228E-04
    0.49400000E-03    0.84586778E-07    0.20744254E-11    0.79116986E-04
    0.49600000E-03    0.84853468E-07    0.20825901E-11    0.79220650E-04
    0.49800000E-03    0.85133884E-07    0.20907696E-11    0.79324228E-04
    0.50000000E-03    0.85351379E-07    0.20989691E-11    0.79427790E-04
    0.50200000E-03    0.85597821E-07    0.21071853E-11    0.79531292E-04
    0.50400000E-03    0.85776400E-07    0.21154149E-11    0.79634695E-04
    0.50600000E-03    0.85971413E-07    0.21236551E-11    0.79737961E-04
    0.50800000E-03    0.86222732E-07    0.21319070E-11    0.79841107E-04
    0.51000000E-03    0.86402095E-07    0.21401772E-11    0.79944214E-04
    0.51200000E-03    0.86694100E-07    0.21484553E-11    0.80047156E-04
    0.51400000E-03    0.86923383E-07    0.21567551E-11    0.80150101E-04
    0.51600000E-03    0.87275574E-07    0.21650641E-11    0.80252897E-04
    0.51800000E-03    0.87482046E-07    0.21733975E-11    0.80355730E-04
    0.52000000E-03    0.87702301E-07    0.21817467E-11    0.80458495E-04
    0.52200000E-03    0.87922384E-07    0.21901042E-11    0.80561100E-04
    0.52400000E-03    0.88209851E-07    0.21984750E-11    0.80663607E-04
    0.52600000E-03    0.88382404E-07    0.22068642E-11    0.80766079E-04
    0.52800000E-03    0.88630635E-07    0.22152606E-11    0.80868379E-04
    0.53000000E-03    0.88867450E-07    0.22236757E-11    0.80970648E-04
    0.53200000E-03    0.89146632E-07    0.22321089E-11    0.81072878E-04
    0.53400000E-03    0.89367753E-07    0.22405622E-11    0.81175093E-04
    0.53600000E-03    0.89564748E-07    0.22490275E-11    0.81277197E-04
    0.53800000E-03    0.89772883E-07    0.22575042E-11    0.81379182E-04
    0.54000000E-03    0.90082360E-07    0.22659938E-11    0.81481066E-04
    0.54200000E-03    0.90313626E-07    0.22745058E-11    0.81582964E-04
    0.54400000E-03    0.90589513E-07    0.22830292E-11    0.81684744E-04
    0.54600000E-03    0.90817261E-07    0.22915710E-11    0.81786490E-04
    0.54800000E-03    0.91038031E-07    0.23001281E-11    0.81888165E-04
    0.55000000E-03    0.91308825E-07    0.23087003E-11    0.81989767E-04
    0.55200000E-03    0.91558895E-07    0.23172918E-11    0.82091345E-04
    0.55400000E-03    0.91777003E-07    0.23259009E-11    0.82192881E-04
    0.55600000E-03    0.92059718E-07    0.23345226E-11    0.82294313E-04
    0.55800000E-03    0.92298687E-07    0.23431670E-11    0.82395763E-04
    0.56000000E-03    0.92479731E-07    0.23518278E-11    0.82497154E-04
    0.56200000E-03    0.92700466E-07    0.23605014E-11    0.82598448E-04
    0.56400000E-03    0.92946738E-07    0.23691932E-11    0.82699704E-04
    0.56600000E-03    0.93201062E-07    0.23779031E-11    0.82800924E-04
    0.56800000E-03    0.93430165E-07    0.23866264E-11    0.82902051E-04
    0.57000000E-03    0.93731543E-07    0.23953626E-11    0.83003082E-04
    0.57200000E-03    0.94024536E-07    0.24041201E-11    0.83104113E-04
    0.57400000E-03    0.94258551E-07    0.24128988E-11    0.83205142E-04
    0.57600000E-03    0.94468734E-07    0.24216921E-11    0.83306093E-04
    0.57800000E-03    0.94652455E-07    0.24305011E-11    0.83406982E-04
    0.58000000E-03    0.94924586E-07    0.24393200E-11    0.83507739E-04
    0.58200000E-03    0.95247672E-07    0.24481564E-11    0.83608452E-04
    0.58400000E-03    0.95439352E-07    0.24570152E-11    0.83709179E-04
    0.58600000E-03    0.95590663E-07    0.24658871E-11    0.83809811E-04
    0.58800000E-03    0.95830800E-07    0.24747674E-11    0.83910297E-04
    0.59000000E-03    0.96090690E-07    0.24836644E-11    0.84010732E-04
    0.59200000E-03    0.96376817E-07    0.24925800E-11    0.84111136E-04
    0.59400000E-03    0.96597441E-07    0.25015129E-11    0.84211495E-04
    0.59600000E-03    0.96890886E-07    0.25104591E-11    0.84311765E-04
    0.59800000E-03    0.97166427E-07    0.25194244E-11    0.84412010E-04
    0.60000000E-03    0.97360319E-07    0.25284101E-11    0.84512244E-04
    0.60200000E-03    0.97646263E-07    0.25374070E-11    0.84612366E-04
    0.60400000E-03    0.97841962E-07    0.25464227E-11    0.84712460E-04
    0.60600000E-03    0.98054888E-07    0.25554532E-11    0.84812483E-04
    0.60800000E-03    0.98342065E-07    0.25644939E-11    0.84912381E-04
    0.61000000E-03    0.98575048E-07    0.25735541E-11    0.85012261E-04
    0.61200000E-03    0.98703909E-07    0.25826309E-11    0.85112088E-04
    0.61400000E-03    0.98975393E-07    0.25917142E-11    0.85211753E-04
    0.61600000E-03    0.99216821E-07    0.26008146E-11    0.85311372E-04
    0.61800000E-03    0.99429659E-07    0.26099301E-11    0.85410925E-04
    0.62000000E-03    0.99776204E-07    0.26190543E-11    0.85510340E-04
    0.62200000E-03    0.99986072E-07    0.26282007E-11    0.85609765E-04
    0.62400000E-03    0.10023865E-06    0.26373582E-11    0.85709081E-04
    0.62600000E-03    0.10051320E-06    0.26465283E-11    0.85808302E-04
    0.62800000E-03    0.10070619E-06    0.26557130E-11    0.85907453E-04
    0.63000000E-03    0.10097645E-06    0.26649067E-11    0.86006472E-04
    0.63200000E-03    0.10125819E-06    0.26741177E-11    0.86105449E-04
    0.63400000E-03    0.10147231E-06    0.26833473E-11    0.86204399E-04
    0.63600000E-03    0.10171396E-06    0.26925877E-11    0.86303236E-04
    0.63800000E-03    0.10191710E-06    0.27018440E-11    0.86402018E-04
    0.64000000E-03    0.10214734E-06    0.27111098E-11    0.86500676E-04
    0.64200000E-03    0.10251070E-06    0.27203905E-11    0.86599266E-04
    0.64400000E-03    0.10274997E-06    0.27297005E-11    0.86697944E-04
    0.64600000E-03    0.10294982E-06    0.27390280E-11    0.86796581E-04
    0.64800000E-03    0.10321253E-06    0.27483689E-11    0.86895137E-04
    0.65000000E-03    0.10348840E-06    0.27577263E-11    0.86993643E-04
    0.65200000E-03    0.10368898E-06    0.27671059E-11    0.87092159E-04
    0.65400000E-03    0.10393392E-06    0.27764986E-11    0.87190590E-04
    0.65600000E-03    0.10417086E-06    0.27859089E-11    0.87288983E-04
    0.65800000E-03    0.10441187E-06    0.27953368E-11    0.87387338E-04
    0.66000000E-03    0.10466843E-06    0.28047795E-11    0.87485626E-04
    0.66200000E-03    0.10496270E-06    0.28142417E-11    0.87583896E-04
    0.66400000E-03    0.10517707E-06    0.28237216E-11    0.87682129E-04
    0.66600000E-03    0.10541905E-06    0.28332138E-11    0.87780270E-04
    0.66800000E-03    0.10568864E-06    0.28427227E-11    0.87878364E-04
    0.67000000E-03    0.10590582E-06    0.28522502E-11    0.87976430E-04
    0.67200000E-03    0.10613224E-06    0.28617936E-11    0.88074442E-04
    0.67400000E-03    0.10636469E-06    0.28713489E-11    0.88172358E-04
    0.67600000E-03    0.10659534E-06    0.28809206E-11    0.88270224E-04
    0.67800000E-03    0.10679810E-06    0.28905086E-11    0.88368039E-04
    0.68000000E-03    0.10711391E-06    0.29001088E-11    0.88465762E-04
    0.68200000E-03    0.10738425E-06    0.29097279E-11    0.88563463E-04
    0.68400000E-03    0.10767277E-06    0.29193619E-11    0.88661098E-04
    0.68600000E-03    0.10788963E-06    0.29290176E-11    0.88758739E-04
    0.68800000E-03    0.10816163E-06    0.29386853E-11    0.88856286E-04
    0.69000000E-03    0.10841606E-06    0.29483695E-11    0.88953785E-04
    0.69200000E-03    0.10864035E-06    0.29580687E-11    0.89051222E-04
    0.69400000E-03    0.10880548E-06    0.29677794E-11    0.89148561E-04
    0.69600000E-03    0.10904497E-06    0.29774914E-11    0.89245700E-04
    0.69800000E-03    0.10936696E-06    0.29872152E-11    0.89342747E-04
    0.70000000E-03    0.10961271E-06    0.29969572E-11    0.89439763E-04
    0.70200000E-03    0.10985333E-06    0.30067146E-11    0.89536724E-04
    0.70400000E-03    0.11010157E-06    0.30164810E-11    0.89633564E-04
    0.70600000E-03    0.11032608E-06    0.30262591E-11    0.89730310E-04
    0.70800000E-03    0.11056993E-06    0.30360546E-11    0.89827019E-04
    0.71000000E-03    0.11090159E-06    0.30458647E-11    0.89923665E-04
    0.71200000E-03    0.11111877E-06    0.30556958E-11    0.90020310E-04
    0.71400000E-03    0.11141739E-06    0.30655423E-11    0.90116898E-04
    0.71600000E-03    0.11170319E-06    0.30754090E-11    0.90213478E-04
    0.71800000E-03    0.11195664E-06    0.30852936E-11    0.90310025E-04
    0.72000000E-03    0.11220950E-06    0.30951938E-11    0.90406519E-04
    0.72200000E-03    0.11250820E-06    0.31051064E-11    0.90502927E-04
    0.72400000E-03    0.11276156E-06    0.31150343E-11    0.90599279E-04
    0.72600000E-03    0.11292840E-06    0.31249845E-11    0.90695642E-04
    0.72800000E-03    0.11319856E-06    0.31349440E-11    0.90791891E-04
    0.73000000E-03    0.11344838E-06    0.31449208E-11    0.90888102E-04
    0.73200000E-03    0.11364552E-06    0.31549124E-11    0.90984252E-04
    0.73400000E-03    0.11391809E-06    0.31649202E-11    0.91080355E-04
    0.73600000E-03    0.11424736E-06    0.31749499E-11    0.91176467E-04
    0.73800000E-03    0.11454714E-06    0.31850005E-11    0.91272574E-04
    0.74000000E-03    0.11475299E-06    0.31950712E-11    0.91368672E-04
    0.74200000E-03    0.11503000E-06    0.32051540E-11    0.91464682E-04
    0.74400000E-03    0.11523929E-06    0.32152540E-11    0.91560655E-04
    0.74600000E-03    0.11554675E-06    0.32253675E-11    0.91656555E-04
    0.74800000E-03    0.11576207E-06    0.32355021E-11    0.91752455E-04
    0.75000000E-03    0.11593104E-06    0.32456531E-11    0.91848309E-04
    0.75200000E-03    0.11617246E-06    0.32558124E-11    0.91944041E-04
    0.75400000E-03    0.11647785E-06    0.32659843E-11    0.92039693E-04
    0.75600000E-03    0.11673267E-06    0.32761786E-11    0.92135356E-04
    0.75800000E-03    0.11693086E-06    0.32863913E-11    0.92230993E-04
    0.76000000E-03    0.11717988E-06    0.32966137E-11    0.92326524E-04
    0.76200000E-03    0.11733767E-06    0.33068545E-11    0.92422028E-04
    0.76400000E-03    0.11760748E-06    0.33171029E-11    0.92517405E-04
    0.76600000E-03    0.11790735E-06    0.33273634E-11    0.92612699E-04
    0.76800000E-03    0.11812351E-06    0.33376416E-11    0.92707961E-04
    0.77000000E-03    0.11844953E-06    0.33479313E-11    0.92803134E-04
    0.77200000E-03    0.11871071E-06    0.33582394E-11    0.92898282E-04
    0.77400000E-03    0.11889863E-06    0.33685611E-11    0.92993360E-04
    0.77600000E-03    0.11930157E-06    0.33788877E-11    0.93088290E-04
    0.77800000E-03    0.11955253E-06    0.33892435E-11    0.93183293E-04
    0.78000000E-03    0.11983641E-06    0.33996173E-11    0.93278268E-04
    0.78200000E-03    0.11998627E-06    0.34100095E-11    0.93373218E-04
    0.78400000E-03    0.12026711E-06    0.34204072E-11    0.93468026E-04
    0.78600000E-03    0.12046477E-06    0.34308196E-11    0.93562774E-04
    0.78800000E-03    0.12073765E-06    0.34412436E-11    0.93657437E-04
    0.79000000E-03    0.12100281E-06    0.34516867E-11    0.93752082E-04
    0.79200000E-03    0.12124782E-06    0.34621485E-11    0.93846705E-04
    0.79400000E-03    0.12156579E-06    0.34726259E-11    0.93941278E-04
    0.79600000E-03    0.12186234E-06    0.34831233E-11    0.94035841E-04
    0.79800000E-03    0.12208328E-06    0.34936378E-11    0.94130368E-04
    0.80000000E-03    0.12231385E-06    0.35041616E-11    0.94224788E-04
    0.80200000E-03    0.12256448E-06    0.35147019E-11    0.94319169E-04
    0.80400000E-03    0.12277966E-06    0.35252604E-11    0.94413522E-04
    0.80600000E-03    0.12311075E-06    0.35358342E-11    0.94507824E-04
    0.80800000E-03    0.12336434E-06    0.35464277E-11    0.94602112E-04
    0.81000000E-03    0.12355489E-06    0.35570372E-11    0.94696355E-04
    0.81200000E-03    0.12378981E-06    0.35676555E-11    0.94790490E-04
    0.81400000E-03    0.12406443E-06    0.35782879E-11    0.94884562E-04
    0.81600000E-03    0.12435778E-06    0.35889419E-11    0.94978639E-04
    0.81800000E-03    0.12455267E-06    0.35996186E-11    0.95072729E-04
    0.82000000E-03    0.12482979E-06    0.36103037E-11    0.95166707E-04
    0.82200000E-03    0.12509137E-06    0.36210078E-11    0.95260667E-04
    0.82400000E-03    0.12530083E-06    0.36317325E-11    0.95354621E-04
    0.82600000E-03    0.12560889E-06    0.36424702E-11    0.95448505E-04
    0.82800000E-03    0.12582962E-06    0.36532308E-11    0.95542405E-04
    0.83000000E-03    0.12605279E-06    0.36640053E-11    0.95636240E-04
    0.83200000E-03    0.12638650E-06    0.36747923E-11    0.95730001E-04
    0.83400000E-03    0.12663941E-06    0.36855988E-11    0.95823747E-04
    0.83600000E-03    0.12693212E-06    0.36964198E-11    0.95917436E-04
    0.83800000E-03    0.12721314E-06    0.37072573E-11    0.96011084E-04
    0.84000000E-03    0.12747280E-06    0.37181150E-11    0.96104724E-04
    0.84200000E-03    0.12772335E-06    0.37289843E-11    0.96198282E-04
    0.84400000E-03    0.12797077E-06    0.37398688E-11    0.96291789E-04
    0.84600000E-03    0.12823514E-06    0.37507752E-11    0.96385301E-04
    0.84800000E-03    0.12847442E-06    0.37616988E-11    0.96478780E-04
    0.85000000E-03    0.12870215E-06    0.37726296E-11    0.96572139E-04
    0.85200000E-03    0.12899855E-06    0.37835748E-11    0.96665442E-04
    0.85400000E-03    0.12923705E-06    0.37945383E-11    0.96758719E-04
    0.85600000E-03    0.12941742E-06    0.38055168E-11    0.96851944E-04
    0.85800000E-03    0.12969181E-06    0.38164983E-11    0.96945017E-04
    0.86000000E-03    0.13004509E-06    0.38274914E-11    0.97038007E-04
    0.86200000E-03    0.13018608E-06    0.38385016E-11    0.97130966E-04
    0.86400000E-03    0.13058620E-06    0.38495153E-11    0.97223775E-04
    0.86600000E-03    0.13084986E-06    0.38605537E-11    0.97316615E-04
    0.86800000E-03    0.13113982E-06    0.38716060E-11    0.97409395E-04
    0.87000000E-03    0.13139843E-06    0.38826737E-11    0.97502128E-04
    0.87200000E-03    0.13160889E-06    0.38937587E-11    0.97594829E-04
    0.87400000E-03    0.13183311E-06    0.39048518E-11    0.97687422E-04
    0.87600000E-03    0.13213247E-06    0.39159614E-11    0.97779977E-04
    0.87800000E-03    0.13238218E-06    0.39270871E-11    0.97872491E-04
    0.88000000E-03    0.13262857E-06    0.39382309E-11    0.97964980E-04
    0.88200000E-03    0.13287383E-06    0.39493839E-11    0.98057371E-04
    0.88400000E-03    0.13310411E-06    0.39605578E-11    0.98149762E-04
    0.88600000E-03    0.13340283E-06    0.39717466E-11    0.98242101E-04
    0.88800000E-03    0.13362878E-06    0.39829495E-11    0.98334383E-04
    0.89000000E-03    0.13392526E-06    0.39941633E-11    0.98426581E-04
    0.89200000E-03    0.13417444E-06    0.40053992E-11    0.98518789E-04
    0.89400000E-03    0.13447376E-06    0.40166465E-11    0.98610918E-04
    0.89600000E-03    0.13469712E-06    0.40279071E-11    0.98702983E-04
    0.89800000E-03    0.13499699E-06    0.40391819E-11    0.98794993E-04
    0.90000000E-03    0.13529255E-06    0.40504744E-11    0.98886975E-04
    0.90200000E-03    0.13556254E-06    0.40617809E-11    0.98978901E-04
    0.90400000E-03    0.13576896E-06    0.40731042E-11    0.99070793E-04
    0.90600000E-03    0.13605062E-06    0.40844424E-11    0.99162634E-04
    0.90800000E-03    0.13632947E-06    0.40957937E-11    0.99254412E-04
    0.91000000E-03    0.13660288E-06    0.41071646E-11    0.99346179E-04
    0.91200000E-03    0.13679755E-06    0.41185476E-11    0.99437874E-04
    0.91400000E-03    0.13703148E-06    0.41299379E-11    0.99529458E-04
    0.91600000E-03    0.13732065E-06    0.41413481E-11    0.99621033E-04
    0.91800000E-03    0.13762821E-06    0.41527771E-11    0.99712592E-04
    0.92000000E-03    0.13792607E-06    0.41642249E-11    0.99804132E-04
    0.92200000E-03    0.13814163E-06    0.41756935E-11    0.99895671E-04
    0.92400000E-03    0.13833592E-06    0.41871703E-11    0.99987108E-04
    0.92600000E-03    0.13865217E-06    0.41986506E-11    0.10007841E-03
    0.92800000E-03    0.13888125E-06    0.42101585E-11    0.10016976E-03
    0.93000000E-03    0.13910972E-06    0.42216792E-11    0.10026104E-03
    0.93200000E-03    0.13934548E-06    0.42332153E-11    0.10035228E-03
    0.93400000E-03    0.13965871E-06    0.42447653E-11    0.10044347E-03
    0.93600000E-03    0.13993441E-06    0.42563325E-11    0.10053462E-03
    0.93800000E-03    0.14027159E-06    0.42679180E-11    0.10062576E-03
    0.94000000E-03    0.14056764E-06    0.42795222E-11    0.10071687E-03
    0.94200000E-03    0.14080124E-06    0.42911455E-11    0.10080797E-03
    0.94400000E-03    0.14099450E-06    0.43027850E-11    0.10089903E-03
    0.94600000E-03    0.14119405E-06    0.43144311E-11    0.10098999E-03
    0.94800000E-03    0.14142797E-06    0.43260910E-11    0.10108088E-03
    0.95000000E-03    0.14178350E-06    0.43377619E-11    0.10117170E-03
    0.95200000E-03    0.14211097E-06    0.43494558E-11    0.10126253E-03
    0.95400000E-03    0.14239071E-06    0.43611615E-11    0.10135329E-03
    0.95600000E-03    0.14258781E-06    0.43728825E-11    0.10144401E-03
    0.95800000E-03    0.14278569E-06    0.43846149E-11    0.10153465E-03
    0.96000000E-03    0.14294529E-06    0.43963627E-11    0.10162525E-03
    0.96200000E-03    0.14320849E-06    0.44081128E-11    0.10171571E-03
    0.96400000E-03    0.14347398E-06    0.44198802E-11    0.10180614E-03
    0.96600000E-03    0.14390254E-06    0.44316629E-11    0.10189652E-03
    0.96800000E-03    0.14417081E-06    0.44434716E-11    0.10198695E-03
    0.97000000E-03    0.14448352E-06    0.44553011E-11    0.10207737E-03
    0.97200000E-03    0.14472677E-06    0.44671511E-11    0.10216779E-03
    0.97400000E-03    0.14500755E-06    0.44790160E-11    0.10225817E-03
    0.97600000E-03    0.14525868E-06    0.44908978E-11    0.10234851E-03
    0.97800000E-03    0.14554383E-06    0.45027969E-11    0.10243882E-03
    0.98000000E-03    0.14586123E-06    0.45147100E-11    0.10252909E-03
    0.98200000E-03    0.14610044E-06    0.45266416E-11    0.10261933E-03
    0.98400000E-03    0.14634911E-06    0.45385829E-11    0.10270949E-03
    0.98600000E-03    0.14650942E-06    0.45505378E-11    0.10279959E-03
    0.98800000E-03    0.14678074E-06    0.45624958E-11    0.10288956E-03
    0.99000000E-03    0.14700214E-06    0.45744662E-11    0.10297946E-03
    0.99200000E-03    0.14730880E-06    0.45864450E-11    0.10306927E-03
    0.99400000E-03    0.14769989E-06    0.45984437E-11    0.10315907E-03
    0.99600000E-03    0.14802674E-06    0.46104708E-11    0.10324893E-03
    0.99800000E-03    0.14829753E-06    0.46225219E-11    0.10333881E-03
    0.10000000E-02    0.14854926E-06    0.46345921E-11    0.10342868E-03
    0.10020000E-02    0.14882222E-06    0.46466811E-11    0.10351853E-03
    0.10040000E-02    0.14900810E-06    0.46587887E-11    0.10360836E-03
    0.10060000E-02    0.14926987E-06    0.46709089E-11    0.10369813E-03
    0.10080000E-02    0.14958644E-06    0.46830469E-11    0.10378788E-03
    0.10100000E-02    0.14983069E-06    0.46952019E-11    0.10387760E-03
    0.10120000E-02    0.15010932E-06    0.47073665E-11    0.10396723E-03
    0.10140000E-02    0.15043950E-06    0.47195417E-11    0.10405679E-03
    0.10160000E-02    0.15066658E-06    0.47317346E-11    0.10414632E-03
    0.10180000E-02    0.15094891E-06    0.47439350E-11    0.10423575E-03
    0.10200000E-02    0.15125031E-06    0.47561524E-11    0.10432516E-03
    0.10220000E-02    0.15147635E-06    0.47683890E-11    0.10441455E-03
    0.10240000E-02    0.15164821E-06    0.47806450E-11    0.10450393E-03
    0.10260000E-02    0.15190078E-06    0.47929082E-11    0.10459321E-03
    0.10280000E-02    0.15211666E-06    0.48051822E-11    0.10468242E-03
    0.10300000E-02    0.15242902E-06    0.48174640E-11    0.10477153E-03
    0.10320000E-02    0.15272178E-06    0.48297672E-11    0.10486065E-03
    0.10340000E-02    0.15300143E-06    0.48420861E-11    0.10494972E-03
    0.10360000E-02    0.15331851E-06    0.48544185E-11    0.10503875E-03
    0.10380000E-02    0.15357059E-06    0.48667689E-11    0.10512775E-03
    0.10400000E-02    0.15384304E-06    0.48791352E-11    0.10521672E-03
    0.10420000E-02    0.15405182E-06    0.48915130E-11    0.10530562E-03
    0.10440000E-02    0.15435617E-06    0.49039089E-11    0.10539450E-03
    0.10460000E-02    0.15461221E-06    0.49163226E-11    0.10548335E-03
    0.10480000E-02    0.15486538E-06    0.49287568E-11    0.10557221E-03
    0.10500000E-02    0.15516267E-06    0.49412013E-11    0.10566098E-03
    0.10520000E-02    0.15542059E-06    0.49536636E-11    0.10574974E-03
    0.10540000E-02    0.15565808E-06    0.49661374E-11    0.10583843E-03
    0.10560000E-02    0.15593973E-06    0.49786249E-11    0.10592706E-03
    0.10580000E-02    0.15627787E-06    0.49911253E-11    0.10601564E-03
    0.10600000E-02    0.15656334E-06    0.50036473E-11    0.10610423E-03
    0.10620000E-02    0.15689361E-06    0.50161935E-11    0.10619284E-03
    0.10640000E-02    0.15721577E-06    0.50287534E-11    0.10628139E-03
    0.10660000E-02    0.15738834E-06    0.50413314E-11    0.10636993E-03
    0.10680000E-02    0.15768321E-06    0.50539122E-11    0.10645834E-03
    0.10700000E-02    0.15805603E-06    0.50665017E-11    0.10654667E-03
    0.10720000E-02    0.15818113E-06    0.50791119E-11    0.10663499E-03
    0.10740000E-02    0.15848604E-06    0.50917351E-11    0.10672326E-03
    0.10760000E-02    0.15873357E-06    0.51043760E-11    0.10681150E-03
    0.10780000E-02    0.15891172E-06    0.51170274E-11    0.10689967E-03
    0.10800000E-02    0.15926769E-06    0.51296929E-11    0.10698780E-03
    0.10820000E-02    0.15953463E-06    0.51423778E-11    0.10707591E-03
    0.10840000E-02    0.15982501E-06    0.51550791E-11    0.10716400E-03
    0.10860000E-02    0.16010378E-06    0.51677952E-11    0.10725204E-03
    0.10880000E-02    0.16027720E-06    0.51805264E-11    0.10734004E-03
    0.10900000E-02    0.16065170E-06    0.51932699E-11    0.10742798E-03
    0.10920000E-02    0.16091754E-06    0.52060380E-11    0.10751595E-03
    0.10940000E-02    0.16119560E-06    0.52188235E-11    0.10760390E-03
    0.10960000E-02    0.16146243E-06    0.52316247E-11    0.10769181E-03
    0.10980000E-02    0.16168842E-06    0.52444391E-11    0.10777966E-03
    0.11000000E-02    0.16198401E-06    0.52572669E-11    0.10786747E-03
    0.11020000E-02    0.16225816E-06    0.52701174E-11    0.10795528E-03
    0.11040000E-02    0.16247889E-06    0.52829839E-11    0.10804306E-03
    0.11060000E-02    0.16276720E-06    0.52958525E-11    0.10813072E-03
    0.11080000E-02    0.16308450E-06    0.53087350E-11    0.10821833E-03
    0.11100000E-02    0.16337462E-06    0.53216420E-11    0.10830596E-03
    0.11120000E-02    0.16359633E-06    0.53345616E-11    0.10839353E-03
    0.11140000E-02    0.16386269E-06    0.53474924E-11    0.10848104E-03
    0.11160000E-02    0.16410683E-06    0.53604411E-11    0.10856853E-03
    0.11180000E-02    0.16441138E-06    0.53734043E-11    0.10865598E-03
    0.11200000E-02    0.16463902E-06    0.53863822E-11    0.10874339E-03
    0.11220000E-02    0.16487946E-06    0.53993732E-11    0.10883074E-03
    0.11240000E-02    0.16515959E-06    0.54123776E-11    0.10891804E-03
    0.11260000E-02    0.16546814E-06    0.54253945E-11    0.10900529E-03
    0.11280000E-02    0.16572669E-06    0.54384239E-11    0.10909248E-03
    0.11300000E-02    0.16606732E-06    0.54514692E-11    0.10917964E-03
    0.11320000E-02    0.16628313E-06    0.54645317E-11    0.10926677E-03
    0.11340000E-02    0.16666655E-06    0.54775986E-11    0.10935380E-03
    0.11360000E-02    0.16699394E-06    0.54906857E-11    0.10944082E-03
    0.11380000E-02    0.16722844E-06    0.55037906E-11    0.10952782E-03
    0.11400000E-02    0.16748622E-06    0.55169079E-11    0.10961476E-03
    0.11420000E-02    0.16778996E-06    0.55300357E-11    0.10970164E-03
    0.11440000E-02    0.16805518E-06    0.55431814E-11    0.10978849E-03
    0.11460000E-02    0.16833549E-06    0.55563378E-11    0.10987528E-03
    0.11480000E-02    0.16855784E-06    0.55695140E-11    0.10996207E-03
    0.11500000E-02    0.16888540E-06    0.55827021E-11    0.11004879E-03
    0.11520000E-02    0.16915403E-06    0.55959105E-11    0.11013551E-03
    0.11540000E-02    0.16935094E-06    0.56091336E-11    0.11022220E-03
    0.11560000E-02    0.16962815E-06    0.56223686E-11    0.11030882E-03
    0.11580000E-02    0.16992258E-06    0.56356177E-11    0.11039540E-03
    0.11600000E-02    0.17012744E-06    0.56488835E-11    0.11048195E-03
    0.11620000E-02    0.17035870E-06    0.56621588E-11    0.11056843E-03
    0.11640000E-02    0.17062417E-06    0.56754464E-11    0.11065485E-03
    0.11660000E-02    0.17095558E-06    0.56887461E-11    0.11074122E-03
    0.11680000E-02    0.17126690E-06    0.57020657E-11    0.11082758E-03
    0.11700000E-02    0.17159162E-06    0.57154059E-11    0.11091395E-03
    0.11720000E-02    0.17193965E-06    0.57287678E-11    0.11100031E-03
    0.11740000E-02    0.17217207E-06    0.57421443E-11    0.11108664E-03
    0.11760000E-02    0.17239190E-06    0.57555340E-11    0.11117292E-03
    0.11780000E-02    0.17264454E-06    0.57689352E-11    0.11125914E-03
    0.11800000E-02    0.17292129E-06    0.57823487E-11    0.11134530E-03
    0.11820000E-02    0.17323145E-06    0.57957728E-11    0.11143140E-03
    0.11840000E-02    0.17351619E-06    0.58092106E-11    0.11151745E-03
    0.11860000E-02    0.17376811E-06    0.58226636E-11    0.11160347E-03
    0.11880000E-02    0.17400940E-06    0.58361299E-11    0.11168944E-03
    0.11900000E-02    0.17429097E-06    0.58496083E-11    0.11177536E-03
    0.11920000E-02    0.17465345E-06    0.58631061E-11    0.11186126E-03
    0.11940000E-02    0.17489982E-06    0.58766247E-11    0.11194717E-03
    0.11960000E-02    0.17517571E-06    0.58901597E-11    0.11203305E-03
    0.11980000E-02    0.17546655E-06    0.59037084E-11    0.11211888E-03
    0.12000000E-02    0.17582099E-06    0.59172761E-11    0.11220471E-03
    0.12020000E-02    0.17606194E-06    0.59308672E-11    0.11229055E-03
    0.12040000E-02    0.17631386E-06    0.59444655E-11    0.11237630E-03
    0.12060000E-02    0.17659826E-06    0.59580776E-11    0.11246201E-03
    0.12080000E-02    0.17680509E-06    0.59717044E-11    0.11254768E-03
    0.12100000E-02    0.17705226E-06    0.59853406E-11    0.11263329E-03
    0.12120000E-02    0.17739374E-06    0.59989888E-11    0.11271883E-03
    0.12140000E-02    0.17769017E-06    0.60126540E-11    0.11280436E-03
    0.12160000E-02    0.17800486E-06    0.60263315E-11    0.11288983E-03
    0.12180000E-02    0.17819694E-06    0.60400273E-11    0.11297528E-03
    0.12200000E-02    0.17852996E-06    0.60537271E-11    0.11306063E-03
    0.12220000E-02    0.17888832E-06    0.60674471E-11    0.11314598E-03
    0.12240000E-02    0.17919716E-06    0.60811882E-11    0.11323133E-03
    0.12260000E-02    0.17940834E-06    0.60949499E-11    0.11331668E-03
    0.12280000E-02    0.17964885E-06    0.61087192E-11    0.11340195E-03
    0.12300000E-02    0.17995410E-06    0.61224986E-11    0.11348715E-03
    0.12320000E-02    0.18022403E-06    0.61362937E-11    0.11357232E-03
    0.12340000E-02    0.18049004E-06    0.61500948E-11    0.11365740E-03
    0.12360000E-02    0.18075696E-06    0.61639068E-11    0.11374243E-03
    0.12380000E-02    0.18102223E-06    0.61777390E-11    0.11382744E-03
    0.12400000E-02    0.18125093E-06    0.61915872E-11    0.11391243E-03
    0.12420000E-02    0.18161115E-06    0.62054443E-11    0.11399735E-03
    0.12440000E-02    0.18197258E-06    0.62193243E-11    0.11408228E-03
    0.12460000E-02    0.18225955E-06    0.62332300E-11    0.11416724E-03
    0.12480000E-02    0.18252745E-06    0.62471570E-11    0.11425221E-03
    0.12500000E-02    0.18275586E-06    0.62610993E-11    0.11433714E-03
    0.12520000E-02    0.18301283E-06    0.62750602E-11    0.11442206E-03
    0.12540000E-02    0.18329395E-06    0.62890288E-11    0.11450690E-03
    0.12560000E-02    0.18367601E-06    0.63030105E-11    0.11459169E-03
    0.12580000E-02    0.18385651E-06    0.63170112E-11    0.11467648E-03
    0.12600000E-02    0.18403217E-06    0.63310180E-11    0.11476117E-03
    0.12620000E-02    0.18448685E-06    0.63450293E-11    0.11484577E-03
    0.12640000E-02    0.18474938E-06    0.63590693E-11    0.11493042E-03
    0.12660000E-02    0.18502694E-06    0.63731222E-11    0.11501502E-03
    0.12680000E-02    0.18536117E-06    0.63871938E-11    0.11509960E-03
    0.12700000E-02    0.18563737E-06    0.64012868E-11    0.11518420E-03
    0.12720000E-02    0.18585619E-06    0.64153879E-11    0.11526871E-03
    0.12740000E-02    0.18613859E-06    0.64294930E-11    0.11535313E-03
    0.12760000E-02    0.18640656E-06    0.64436092E-11    0.11543749E-03
    0.12780000E-02    0.18667201E-06    0.64577407E-11    0.11552181E-03
    0.12800000E-02    0.18697194E-06    0.64718822E-11    0.11560608E-03
    0.12820000E-02    0.18733203E-06    0.64860495E-11    0.11569037E-03
    0.12840000E-02    0.18756740E-06    0.65002342E-11    0.11577465E-03
    0.12860000E-02    0.18789968E-06    0.65144309E-11    0.11585887E-03
    0.12880000E-02    0.18815896E-06    0.65286499E-11    0.11594310E-03
    0.12900000E-02    0.18842309E-06    0.65428858E-11    0.11602732E-03
    0.12920000E-02    0.18866076E-06    0.65571350E-11    0.11611148E-03
    0.12940000E-02    0.18895703E-06    0.65713968E-11    0.11619560E-03
    0.12960000E-02    0.18925994E-06    0.65856722E-11    0.11627968E-03
    0.12980000E-02    0.18948019E-06    0.65999604E-11    0.11636371E-03
    0.13000000E-02    0.18977958E-06    0.66142603E-11    0.11644769E-03
    0.13020000E-02    0.19008037E-06    0.66285807E-11    0.11653167E-03
    0.13040000E-02    0.19038960E-06    0.66429204E-11    0.11661564E-03
    0.13060000E-02    0.19069636E-06    0.66572724E-11    0.11669957E-03
    0.13080000E-02    0.19095938E-06    0.66716456E-11    0.11678349E-03
    0.13100000E-02    0.19120447E-06    0.66860378E-11    0.11686741E-03
    0.13120000E-02    0.19154734E-06    0.67004331E-11    0.11695122E-03
    0.13140000E-02    0.19177643E-06    0.67148451E-11    0.11703501E-03
    0.13160000E-02    0.19212588E-06    0.67292678E-11    0.11711874E-03
    0.13180000E-02    0.19239281E-06    0.67437106E-11    0.11720247E-03
    0.13200000E-02    0.19271060E-06    0.67581650E-11    0.11728615E-03
    0.13220000E-02    0.19306895E-06    0.67726334E-11    0.11736979E-03
    0.13240000E-02    0.19334514E-06    0.67871220E-11    0.11745342E-03
    0.13260000E-02    0.19359124E-06    0.68016204E-11    0.11753700E-03
    0.13280000E-02    0.19389297E-06    0.68161333E-11    0.11762054E-03
    0.13300000E-02    0.19420692E-06    0.68306533E-11    0.11770400E-03
    0.13320000E-02    0.19440690E-06    0.68451866E-11    0.11778742E-03
    0.13340000E-02    0.19464265E-06    0.68597262E-11    0.11787075E-03
    0.13360000E-02    0.19489159E-06    0.68742785E-11    0.11795404E-03
    0.13380000E-02    0.19528738E-06    0.68888407E-11    0.11803728E-03
    0.13400000E-02    0.19549402E-06    0.69034205E-11    0.11812049E-03
    0.13420000E-02    0.19578022E-06    0.69180162E-11    0.11820368E-03
    0.13440000E-02    0.19607908E-06    0.69326250E-11    0.11828682E-03
    0.13460000E-02    0.19639696E-06    0.69472424E-11    0.11836990E-03
    0.13480000E-02    0.19664604E-06    0.69618824E-11    0.11845299E-03
    0.13500000E-02    0.19689329E-06    0.69765308E-11    0.11853601E-03
    0.13520000E-02    0.19723060E-06    0.69911975E-11    0.11861902E-03
    0.13540000E-02    0.19734342E-06    0.70058833E-11    0.11870202E-03
    0.13560000E-02    0.19761126E-06    0.70205738E-11    0.11878493E-03
    0.13580000E-02    0.19792562E-06    0.70352758E-11    0.11886779E-03
    0.13600000E-02    0.19827236E-06    0.70500000E-11    0.11895065E-03
    0.13620000E-02    0.19855141E-06    0.70647451E-11    0.11903353E-03
    0.13640000E-02    0.19889698E-06    0.70795067E-11    0.11911637E-03
    0.13660000E-02    0.19921978E-06    0.70942897E-11    0.11919923E-03
    0.13680000E-02    0.19953778E-06    0.71090842E-11    0.11928203E-03
    0.13700000E-02    0.19973828E-06    0.71238905E-11    0.11936478E-03
    0.13720000E-02    0.20006133E-06    0.71387048E-11    0.11944747E-03
    0.13740000E-02    0.20039731E-06    0.71535394E-11    0.11953015E-03
    0.13760000E-02    0.20070375E-06    0.71683909E-11    0.11961281E-03
    0.13780000E-02    0.20102239E-06    0.71832619E-11    0.11969547E-03
    0.13800000E-02    0.20125188E-06    0.71981490E-11    0.11977810E-03
    0.13820000E-02    0.20158204E-06    0.72130534E-11    0.11986071E-03
    0.13840000E-02    0.20185221E-06    0.72279817E-11    0.11994334E-03
    0.13860000E-02    0.20219646E-06    0.72429222E-11    0.12002593E-03
    0.13880000E-02    0.20243370E-06    0.72578762E-11    0.12010847E-03
    0.13900000E-02    0.20275022E-06    0.72728409E-11    0.12019097E-03
    0.13920000E-02    0.20300430E-06    0.72878271E-11    0.12027346E-03
    0.13940000E-02    0.20335006E-06    0.73028251E-11    0.12035591E-03
    0.13960000E-02    0.20358904E-06    0.73178443E-11    0.12043837E-03
    0.13980000E-02    0.20389771E-06    0.73328742E-11    0.12052076E-03
    0.14000000E-02    0.20417908E-06    0.73479192E-11    0.12060313E-03
    0.14020000E-02    0.20446908E-06    0.73629773E-11    0.12068546E-03
    0.14040000E-02    0.20471202E-06    0.73780455E-11    0.12076773E-03
    0.14060000E-02    0.20498049E-06    0.73931280E-11    0.12084997E-03
    0.14080000E-02    0.20524816E-06    0.74082264E-11    0.12093218E-03
    0.14100000E-02    0.20552122E-06    0.74233376E-11    0.12101435E-03
    0.14120000E-02    0.20573238E-06    0.74384627E-11    0.12109648E-03
    0.14140000E-02    0.20607871E-06    0.74536001E-11    0.12117857E-03
    0.14160000E-02    0.20640551E-06    0.74687556E-11    0.12126065E-03
    0.14180000E-02    0.20666538E-06    0.74839335E-11    0.12134273E-03
    0.14200000E-02    0.20693098E-06    0.74991282E-11    0.12142480E-03
    0.14220000E-02    0.20724345E-06    0.75143327E-11    0.12150681E-03
    0.14240000E-02    0.20758543E-06    0.75295530E-11    0.12158879E-03
    0.14260000E-02    0.20791122E-06    0.75447883E-11    0.12167074E-03
    0.14280000E-02    0.20817774E-06    0.75600443E-11    0.12175269E-03
    0.14300000E-02    0.20851457E-06    0.75753178E-11    0.12183463E-03
    0.14320000E-02    0.20882393E-06    0.75906105E-11    0.12191656E-03
    0.14340000E-02    0.20914835E-06    0.76059181E-11    0.12199846E-03
    0.14360000E-02    0.20936667E-06    0.76212438E-11    0.12208035E-03
    0.14380000E-02    0.20962961E-06    0.76365766E-11    0.12216216E-03
    0.14400000E-02    0.20990496E-06    0.76519177E-11    0.12224391E-03
    0.14420000E-02    0.21014768E-06    0.76672681E-11    0.12232560E-03
    0.14440000E-02    0.21044579E-06    0.76826306E-11    0.12240724E-03
    0.14460000E-02    0.21078369E-06    0.76980024E-11    0.12248883E-03
    0.14480000E-02    0.21105970E-06    0.77133882E-11    0.12257038E-03
    0.14500000E-02    0.21133388E-06    0.77287866E-11    0.12265189E-03
    0.14520000E-02    0.21167465E-06    0.77441941E-11    0.12273334E-03
    0.14540000E-02    0.21198600E-06    0.77596212E-11    0.12281478E-03
    0.14560000E-02    0.21227798E-06    0.77750612E-11    0.12289619E-03
    0.14580000E-02    0.21246657E-06    0.77905165E-11    0.12297756E-03
    0.14600000E-02    0.21279741E-06    0.78059789E-11    0.12305887E-03
    0.14620000E-02    0.21309807E-06    0.78214556E-11    0.12314014E-03
    0.14640000E-02    0.21338361E-06    0.78369443E-11    0.12322137E-03
    0.14660000E-02    0.21356897E-06    0.78524545E-11    0.12330261E-03
    0.14680000E-02    0.21382715E-06    0.78679781E-11    0.12338381E-03
    0.14700000E-02    0.21422578E-06    0.78835160E-11    0.12346498E-03
    0.14720000E-02    0.21455674E-06    0.78990770E-11    0.12354616E-03
    0.14740000E-02    0.21489903E-06    0.79146569E-11    0.12362733E-03
    0.14760000E-02    0.21513617E-06    0.79302518E-11    0.12370848E-03
    0.14780000E-02    0.21541256E-06    0.79458605E-11    0.12378959E-03
    0.14800000E-02    0.21576339E-06    0.79614802E-11    0.12387065E-03
    0.14820000E-02    0.21602112E-06    0.79771250E-11    0.12395173E-03
    0.14840000E-02    0.21625430E-06    0.79927875E-11    0.12403280E-03
    0.14860000E-02    0.21656606E-06    0.80084632E-11    0.12411383E-03
    0.14880000E-02    0.21689299E-06    0.80241468E-11    0.12419480E-03
    0.14900000E-02    0.21722134E-06    0.80398445E-11    0.12427574E-03
    0.14920000E-02    0.21744719E-06    0.80555563E-11    0.12435664E-03
    0.14940000E-02    0.21783001E-06    0.80712814E-11    0.12443750E-03
    0.14960000E-02    0.21811020E-06    0.80870306E-11    0.12451839E-03
    0.14980000E-02    0.21835768E-06    0.81027977E-11    0.12459926E-03
    0.15000000E-02    0.21854995E-06    0.81185782E-11    0.12468009E-03
    0.15020000E-02    0.21884077E-06    0.81343546E-11    0.12476080E-03
    0.15040000E-02    0.21916389E-06    0.81501399E-11    0.12484145E-03
    0.15060000E-02    0.21948538E-06    0.81659420E-11    0.12492209E-03
    0.15080000E-02    0.21976715E-06    0.81817637E-11    0.12500271E-03
    0.15100000E-02    0.22002609E-06    0.81976030E-11    0.12508333E-03
    0.15120000E-02    0.22029412E-06    0.82134540E-11    0.12516390E-03
    0.15140000E-02    0.22061743E-06    0.82293204E-11    0.12524444E-03
    0.15160000E-02    0.22087476E-06    0.82452052E-11    0.12532497E-03
    0.15180000E-02    0.22114676E-06    0.82611000E-11    0.12540545E-03
    0.15200000E-02    0.22152785E-06    0.82770166E-11    0.12548594E-03
    0.15220000E-02    0.22184838E-06    0.82929551E-11    0.12556644E-03
    0.15240000E-02    0.22212228E-06    0.83089070E-11    0.12564690E-03
    0.15260000E-02    0.22241395E-06    0.83248715E-11    0.12572732E-03
    0.15280000E-02    0.22272963E-06    0.83408504E-11    0.12580771E-03
    0.15300000E-02    0.22293125E-06    0.83568414E-11    0.12588805E-03
    0.15320000E-02    0.22319102E-06    0.83728431E-11    0.12596835E-03
    0.15340000E-02    0.22357150E-06    0.83888635E-11    0.12604864E-03
    0.15360000E-02    0.22395217E-06    0.84048965E-11    0.12612889E-03
    0.15380000E-02    0.22421027E-06    0.84209504E-11    0.12620915E-03
    0.15400000E-02    0.22456445E-06    0.84370097E-11    0.12628933E-03
    0.15420000E-02    0.22481871E-06    0.84530866E-11    0.12636949E-03
    0.15440000E-02    0.22513163E-06    0.84691757E-11    0.12644961E-03
    0.15460000E-02    0.22534052E-06    0.84852738E-11    0.12652968E-03
    0.15480000E-02    0.22567550E-06    0.85013812E-11    0.12660969E-03
    0.15500000E-02    0.22594504E-06    0.85175039E-11    0.12668968E-03
    0.15520000E-02    0.22626935E-06    0.85336379E-11    0.12676962E-03
    0.15540000E-02    0.22665712E-06    0.85497872E-11    0.12684954E-03
    0.15560000E-02    0.22694986E-06    0.85659645E-11    0.12692950E-03
    0.15580000E-02    0.22715556E-06    0.85821499E-11    0.12700939E-03
    0.15600000E-02    0.22748807E-06    0.85983483E-11    0.12708925E-03
    0.15620000E-02    0.22776114E-06    0.86145600E-11    0.12716907E-03
    0.15640000E-02    0.22811519E-06    0.86307847E-11    0.12724886E-03
    0.15660000E-02    0.22839839E-06    0.86470351E-11    0.12732867E-03
    0.15680000E-02    0.22863491E-06    0.86632991E-11    0.12740845E-03
    0.15700000E-02    0.22893919E-06    0.86795691E-11    0.12748816E-03
    0.15720000E-02    0.22927676E-06    0.86958576E-11    0.12756786E-03
    0.15740000E-02    0.22957325E-06    0.87121637E-11    0.12764755E-03
    0.15760000E-02    0.22992677E-06    0.87284807E-11    0.12772719E-03
    0.15780000E-02    0.23027182E-06    0.87448227E-11    0.12780685E-03
    0.15800000E-02    0.23062240E-06    0.87611856E-11    0.12788652E-03
    0.15820000E-02    0.23091741E-06    0.87775673E-11    0.12796617E-03
    0.15840000E-02    0.23119477E-06    0.87939628E-11    0.12804580E-03
    0.15860000E-02    0.23148137E-06    0.88103718E-11    0.12812539E-03
    0.15880000E-02    0.23171156E-06    0.88267954E-11    0.12820496E-03
    0.15900000E-02    0.23200808E-06    0.88432266E-11    0.12828446E-03
    0.15920000E-02    0.23224778E-06    0.88596696E-11    0.12836392E-03
    0.15940000E-02    0.23260090E-06    0.88761279E-11    0.12844336E-03
    0.15960000E-02    0.23292817E-06    0.88926075E-11    0.12852280E-03
    0.15980000E-02    0.23323424E-06    0.89091077E-11    0.12860224E-03
    0.16000000E-02    0.23348354E-06    0.89256176E-11    0.12868163E-03
    0.16020000E-02    0.23374054E-06    0.89421473E-11    0.12876102E-03
    0.16040000E-02    0.23411585E-06    0.89586868E-11    0.12884036E-03
    0.16060000E-02    0.23437651E-06    0.89752376E-11    0.12891965E-03
    0.16080000E-02    0.23466932E-06    0.89917960E-11    0.12899888E-03
    0.16100000E-02    0.23496614E-06    0.90083728E-11    0.12907810E-03
    0.16120000E-02    0.23522860E-06    0.90249574E-11    0.12915727E-03
    0.16140000E-02    0.23541318E-06    0.90415506E-11    0.12923638E-03
    0.16160000E-02    0.23571644E-06    0.90581581E-11    0.12931545E-03
    0.16180000E-02    0.23603363E-06    0.90747693E-11    0.12939445E-03
    0.16200000E-02    0.23639494E-06    0.90913953E-11    0.12947343E-03
    0.16220000E-02    0.23668635E-06    0.91080356E-11    0.12955237E-03
    0.16240000E-02    0.23702530E-06    0.91246855E-11    0.12963127E-03
    0.16260000E-02    0.23735521E-06    0.91413578E-11    0.12971017E-03
    0.16280000E-02    0.23759905E-06    0.91580417E-11    0.12978903E-03
    0.16300000E-02    0.23781564E-06    0.91747364E-11    0.12986785E-03
    0.16320000E-02    0.23815349E-06    0.91914337E-11    0.12994659E-03
    0.16340000E-02    0.23844682E-06    0.92081509E-11    0.13002532E-03
    0.16360000E-02    0.23874167E-06    0.92248850E-11    0.13010404E-03
    0.16380000E-02    0.23910680E-06    0.92416239E-11    0.13018269E-03
    0.16400000E-02    0.23945117E-06    0.92583846E-11    0.13026134E-03
    0.16420000E-02    0.23969675E-06    0.92751559E-11    0.13033995E-03
    0.16440000E-02    0.23998743E-06    0.92919382E-11    0.13041851E-03
    0.16460000E-02    0.24022812E-06    0.93087350E-11    0.13049705E-03
    0.16480000E-02    0.24059282E-06    0.93255392E-11    0.13057553E-03
    0.16500000E-02    0.24086588E-06    0.93423680E-11    0.13065402E-03
    0.16520000E-02    0.24117423E-06    0.93592053E-11    0.13073247E-03
    0.16540000E-02    0.24143441E-06    0.93760529E-11    0.13081086E-03
    0.16560000E-02    0.24172891E-06    0.93929092E-11    0.13088921E-03
    0.16580000E-02    0.24199911E-06    0.94097747E-11    0.13096750E-03
    0.16600000E-02    0.24243400E-06    0.94266507E-11    0.13104575E-03
    0.16620000E-02    0.24279094E-06    0.94435481E-11    0.13112400E-03
    0.16640000E-02    0.24301828E-06    0.94604541E-11    0.13120220E-03
    0.16660000E-02    0.24335441E-06    0.94773723E-11    0.13128037E-03
    0.16680000E-02    0.24363290E-06    0.94943027E-11    0.13135849E-03
    0.16700000E-02    0.24388973E-06    0.95112439E-11    0.13143658E-03
    0.16720000E-02    0.24421691E-06    0.95281943E-11    0.13151461E-03
    0.16740000E-02    0.24460923E-06    0.95451547E-11    0.13159260E-03
    0.16760000E-02    0.24486885E-06    0.95621359E-11    0.13167059E-03
    0.16780000E-02    0.24519601E-06    0.95791338E-11    0.13174856E-03
    0.16800000E-02    0.24544272E-06    0.95961448E-11    0.13182650E-03
    0.16820000E-02    0.24574633E-06    0.96131685E-11    0.13190441E-03
    0.16840000E-02    0.24610263E-06    0.96302067E-11    0.13198229E-03
    0.16860000E-02    0.24639594E-06    0.96472617E-11    0.13206016E-03
    0.16880000E-02    0.24661713E-06    0.96643342E-11    0.13213801E-03
    0.16900000E-02    0.24696193E-06    0.96814198E-11    0.13221584E-03
    0.16920000E-02    0.24734033E-06    0.96985235E-11    0.13229365E-03
    0.16940000E-02    0.24763435E-06    0.97156446E-11    0.13237145E-03
    0.16960000E-02    0.24790429E-06    0.97327759E-11    0.13244921E-03
    0.16980000E-02    0.24823583E-06    0.97499267E-11    0.13252696E-03
    0.17000000E-02    0.24846489E-06    0.97670862E-11    0.13260467E-03
    0.17020000E-02    0.24873998E-06    0.97842565E-11    0.13268233E-03
    0.17040000E-02    0.24901681E-06    0.98014398E-11    0.13275995E-03
    0.17060000E-02    0.24936385E-06    0.98186350E-11    0.13283754E-03
    0.17080000E-02    0.24969904E-06    0.98358420E-11    0.13291510E-03
    0.17100000E-02    0.24998398E-06    0.98530603E-11    0.13299261E-03
    0.17120000E-02    0.25027362E-06    0.98702813E-11    0.13307005E-03
    0.17140000E-02    0.25050861E-06    0.98875113E-11    0.13314743E-03
    0.17160000E-02    0.25078060E-06    0.99047541E-11    0.13322479E-03
    0.17180000E-02    0.25108635E-06    0.99220018E-11    0.13330207E-03
    0.17200000E-02    0.25145536E-06    0.99392547E-11    0.13337929E-03
    0.17220000E-02    0.25178102E-06    0.99565245E-11    0.13345650E-03
    0.17240000E-02    0.25206768E-06    0.99738011E-11    0.13353364E-03
    0.17260000E-02    0.25231885E-06    0.99910964E-11    0.13361078E-03
    0.17280000E-02    0.25273455E-06    0.10008397E-10    0.13368786E-03
    0.17300000E-02    0.25295959E-06    0.10025707E-10    0.13376489E-03
    0.17320000E-02    0.25311260E-06    0.10043022E-10    0.13384185E-03
    0.17340000E-02    0.25341533E-06    0.10060342E-10    0.13391875E-03
    0.17360000E-02    0.25369625E-06    0.10077666E-10    0.13399557E-03
    0.17380000E-02    0.25400462E-06    0.10095002E-10    0.13407237E-03
    0.17400000E-02    0.25428704E-06    0.10112343E-10    0.13414909E-03
    0.17420000E-02    0.25470917E-06    0.10129690E-10    0.13422575E-03
    0.17440000E-02    0.25507698E-06    0.10147060E-10    0.13430243E-03
    0.17460000E-02    0.25546839E-06    0.10164450E-10    0.13437911E-03
    0.17480000E-02    0.25579403E-06    0.10181859E-10    0.13445579E-03
    0.17500000E-02    0.25603619E-06    0.10199278E-10    0.13453241E-03
    0.17520000E-02    0.25639308E-06    0.10216701E-10    0.13460898E-03
    0.17540000E-02    0.25665455E-06    0.10234134E-10    0.13468550E-03
    0.17560000E-02    0.25697402E-06    0.10251573E-10    0.13476195E-03
    0.17580000E-02    0.25730411E-06    0.10269023E-10    0.13483837E-03
    0.17600000E-02    0.25749764E-06    0.10286492E-10    0.13491479E-03
    0.17620000E-02    0.25780366E-06    0.10303963E-10    0.13499113E-03
    0.17640000E-02    0.25815540E-06    0.10321445E-10    0.13506743E-03
    0.17660000E-02    0.25851126E-06    0.10338940E-10    0.13514370E-03
    0.17680000E-02    0.25881397E-06    0.10356447E-10    0.13521994E-03
    0.17700000E-02    0.25909532E-06    0.10373968E-10    0.13529615E-03
    0.17720000E-02    0.25941545E-06    0.10391500E-10    0.13537232E-03
    0.17740000E-02    0.25969622E-06    0.10409037E-10    0.13544843E-03
    0.17760000E-02    0.25988962E-06    0.10426582E-10    0.13552449E-03
    0.17780000E-02    0.26008251E-06    0.10444138E-10    0.13560051E-03
    0.17800000E-02    0.26042041E-06    0.10461695E-10    0.13567645E-03
    0.17820000E-02    0.26078722E-06    0.10479255E-10    0.13575232E-03
    0.17840000E-02    0.26111120E-06    0.10496829E-10    0.13582817E-03
    0.17860000E-02    0.26143010E-06    0.10514407E-10    0.13590394E-03
    0.17880000E-02    0.26181507E-06    0.10531995E-10    0.13597968E-03
    0.17900000E-02    0.26208767E-06    0.10549595E-10    0.13605538E-03
    0.17920000E-02    0.26236395E-06    0.10567201E-10    0.13613102E-03
    0.17940000E-02    0.26263631E-06    0.10584811E-10    0.13620660E-03
    0.17960000E-02    0.26285720E-06    0.10602424E-10    0.13628211E-03
    0.17980000E-02    0.26318523E-06    0.10620042E-10    0.13635755E-03
    0.18000000E-02    0.26359855E-06    0.10637666E-10    0.13643294E-03
    0.18020000E-02    0.26386913E-06    0.10655303E-10    0.13650830E-03
    0.18040000E-02    0.26408065E-06    0.10672944E-10    0.13658360E-03
    0.18060000E-02    0.26440510E-06    0.10690586E-10    0.13665881E-03
    0.18080000E-02    0.26475302E-06    0.10708237E-10    0.13673398E-03
    0.18100000E-02    0.26510049E-06    0.10725892E-10    0.13680908E-03
    0.18120000E-02    0.26539992E-06    0.10743554E-10    0.13688414E-03
    0.18140000E-02    0.26571242E-06    0.10761215E-10    0.13695910E-03
    0.18160000E-02    0.26602577E-06    0.10778880E-10    0.13703400E-03
    0.18180000E-02    0.26626333E-06    0.10796552E-10    0.13710885E-03
    0.18200000E-02    0.26654917E-06    0.10814229E-10    0.13718364E-03
    0.18220000E-02    0.26683704E-06    0.10831907E-10    0.13725835E-03
    0.18240000E-02    0.26708339E-06    0.10849586E-10    0.13733298E-03
    0.18260000E-02    0.26734050E-06    0.10867270E-10    0.13740756E-03
    0.18280000E-02    0.26772293E-06    0.10884949E-10    0.13748203E-03
    0.18300000E-02    0.26810011E-06    0.10902634E-10    0.13755644E-03
    0.18320000E-02    0.26838569E-06    0.10920322E-10    0.13763079E-03
    0.18340000E-02    0.26879385E-06    0.10938011E-10    0.13770506E-03
    0.18360000E-02    0.26901869E-06    0.10955713E-10    0.13777931E-03
    0.18380000E-02    0.26936285E-06    0.10973410E-10    0.13785346E-03
    0.18400000E-02    0.26965131E-06    0.10991104E-10    0.13792751E-03
    0.18420000E-02    0.26995365E-06    0.11008797E-10    0.13800148E-03
    0.18440000E-02    0.27027858E-06    0.11026492E-10    0.13807538E-03
    0.18460000E-02    0.27052136E-06    0.11044174E-10    0.13814915E-03
    0.18480000E-02    0.27089311E-06    0.11061851E-10    0.13822281E-03
    0.18500000E-02    0.27121937E-06    0.11079529E-10    0.13829641E-03
    0.18520000E-02    0.27150238E-06    0.11097209E-10    0.13836993E-03
    0.18540000E-02    0.27170670E-06    0.11114888E-10    0.13844337E-03
    0.18560000E-02    0.27200880E-06    0.11132567E-10    0.13851673E-03
    0.18580000E-02    0.27225119E-06    0.11150240E-10    0.13858999E-03
    0.18600000E-02    0.27254910E-06    0.11167900E-10    0.13866312E-03
    0.18620000E-02    0.27284184E-06    0.11185554E-10    0.13873615E-03
    0.18640000E-02    0.27323695E-06    0.11203203E-10    0.13880908E-03
    0.18660000E-02    0.27361080E-06    0.11220856E-10    0.13888195E-03
    0.18680000E-02    0.27392082E-06    0.11238503E-10    0.13895471E-03
    0.18700000E-02    0.27417247E-06    0.11256146E-10    0.13902739E-03
    0.18720000E-02    0.27437699E-06    0.11273782E-10    0.13909996E-03
    0.18740000E-02    0.27473584E-06    0.11291413E-10    0.13917244E-03
    0.18760000E-02    0.27497947E-06    0.11309045E-10    0.13924484E-03
    0.18780000E-02    0.27524790E-06    0.11326668E-10    0.13931713E-03
    0.18800000E-02    0.27556417E-06    0.11344279E-10    0.13938930E-03
    0.18820000E-02    0.27576202E-06    0.11361884E-10    0.13946137E-03
    0.18840000E-02    0.27598870E-06    0.11379480E-10    0.13953332E-03
    0.18860000E-02    0.27634512E-06    0.11397064E-10    0.13960515E-03
    0.18880000E-02    0.27663799E-06    0.11414643E-10    0.13967690E-03
    0.18900000E-02    0.27692133E-06    0.11432213E-10    0.13974852E-03
    0.18920000E-02    0.27737214E-06    0.11449768E-10    0.13982002E-03
    0.18940000E-02    0.27767478E-06    0.11467321E-10    0.13989143E-03
    0.18960000E-02    0.27791688E-06    0.11484865E-10    0.13996274E-03
    0.18980000E-02    0.27814845E-06    0.11502396E-10    0.14003392E-03
    0.19000000E-02    0.27841282E-06    0.11519914E-10    0.14010497E-03
    0.19020000E-02    0.27871859E-06    0.11537427E-10    0.14017593E-03
    0.19040000E-02    0.27904793E-06    0.11554935E-10    0.14024680E-03
    0.19060000E-02    0.27932843E-06    0.11572432E-10    0.14031756E-03
    0.19080000E-02    0.27961930E-06    0.11589911E-10    0.14038816E-03
    0.19100000E-02    0.27982547E-06    0.11607376E-10    0.14045865E-03
    0.19120000E-02    0.28007045E-06    0.11624824E-10    0.14052899E-03
    0.19140000E-02    0.28047121E-06    0.11642254E-10    0.14059919E-03
    0.19160000E-02    0.28085860E-06    0.11659675E-10    0.14066928E-03
    0.19180000E-02    0.28120420E-06    0.11677088E-10    0.14073928E-03
    0.19200000E-02    0.28140440E-06    0.11694493E-10    0.14080917E-03
    0.19220000E-02    0.28178292E-06    0.11711875E-10    0.14087890E-03
    0.19240000E-02    0.28204676E-06    0.11729249E-10    0.14094853E-03
    0.19260000E-02    0.28244292E-06    0.11746605E-10    0.14101801E-03
    0.19280000E-02    0.28272038E-06    0.11763952E-10    0.14108739E-03
    0.19300000E-02    0.28293641E-06    0.11781281E-10    0.14115664E-03
    0.19320000E-02    0.28327725E-06    0.11798596E-10    0.14122576E-03
    0.19340000E-02    0.28349936E-06    0.11815899E-10    0.14129476E-03
    0.19360000E-02    0.28378990E-06    0.11833190E-10    0.14136365E-03
    0.19380000E-02    0.28411360E-06    0.11850460E-10    0.14143238E-03
    0.19400000E-02    0.28439159E-06    0.11867717E-10    0.14150100E-03
    0.19420000E-02    0.28462745E-06    0.11884951E-10    0.14156947E-03
    0.19440000E-02    0.28492768E-06    0.11902168E-10    0.14163780E-03
    0.19460000E-02    0.28531768E-06    0.11919367E-10    0.14170599E-03
    0.19480000E-02    0.28553017E-06    0.11936556E-10    0.14177407E-03
    0.19500000E-02    0.28589263E-06    0.11953734E-10    0.14184205E-03
    0.19520000E-02    0.28617809E-06    0.11970900E-10    0.14190991E-03
    0.19540000E-02    0.28640786E-06    0.11988040E-10    0.14197761E-03
    0.19560000E-02    0.28669258E-06    0.12005153E-10    0.14204514E-03
    0.19580000E-02    0.28701272E-06    0.12022241E-10    0.14211250E-03
    0.19600000E-02    0.28732603E-06    0.12039315E-10    0.14217974E-03
    0.19620000E-02    0.28761413E-06    0.12056366E-10    0.14224683E-03
    0.19640000E-02    0.28770616E-06    0.12073397E-10    0.14231378E-03
    0.19660000E-02    0.28802572E-06    0.12090401E-10    0.14238056E-03
    0.19680000E-02    0.28833897E-06    0.12107392E-10    0.14244723E-03
    0.19700000E-02    0.28857551E-06    0.12124355E-10    0.14251372E-03
    0.19720000E-02    0.28888009E-06    0.12141290E-10    0.14258004E-03
    0.19740000E-02    0.28905718E-06    0.12158206E-10    0.14264623E-03
    0.19760000E-02    0.28938425E-06    0.12175091E-10    0.14271223E-03
    0.19780000E-02    0.28968305E-06    0.12191960E-10    0.14277811E-03
    0.19800000E-02    0.29000549E-06    0.12208805E-10    0.14284384E-03
    0.19820000E-02    0.29035318E-06    0.12225631E-10    0.14290943E-03
    0.19840000E-02    0.29065659E-06    0.12242437E-10    0.14297489E-03
    0.19860000E-02    0.29087026E-06    0.12259222E-10    0.14304020E-03
    0.19880000E-02    0.29113489E-06    0.12275979E-10    0.14310534E-03
    0.19900000E-02    0.29144386E-06    0.12292707E-10    0.14317031E-03
    0.19920000E-02    0.29177056E-06    0.12309407E-10    0.14323512E-03
    0.19940000E-02    0.29203215E-06    0.12326088E-10    0.14329979E-03
    0.19960000E-02    0.29231769E-06    0.12342747E-10    0.14336432E-03
    0.19980000E-02    0.29262749E-06    0.12359384E-10    0.14342870E-03
    0.20000000E-02    0.29283275E-06    0.12375991E-10    0.14349292E-03
    0.20020000E-02    0.29315813E-06    0.12392575E-10    0.14355698E-03
    0.20040000E-02    0.29351173E-06    0.12409138E-10    0.14362091E-03
    0.20060000E-02    0.29372346E-06    0.12425677E-10    0.14368469E-03
    0.20080000E-02    0.29392703E-06    0.12442195E-10    0.14374833E-03
    0.20100000E-02    0.29408858E-06    0.12458689E-10    0.14381182E-03
    0.20120000E-02    0.29435139E-06    0.12475150E-10    0.14387513E-03
    0.20140000E-02    0.29466497E-06    0.12491590E-10    0.14393830E-03
    0.20160000E-02    0.29504572E-06    0.12508006E-10    0.14400132E-03
    0.20180000E-02    0.29525779E-06    0.12524408E-10    0.14406424E-03
    0.20200000E-02    0.29548056E-06    0.12540782E-10    0.14412700E-03
    0.20220000E-02    0.29581362E-06    0.12557136E-10    0.14418962E-03
    0.20240000E-02    0.29604597E-06    0.12573472E-10    0.14425212E-03
    0.20260000E-02    0.29630370E-06    0.12589787E-10    0.14431449E-03
    0.20280000E-02    0.29664676E-06    0.12606075E-10    0.14437669E-03
    0.20300000E-02    0.29695041E-06    0.12622345E-10    0.14443878E-03
    0.20320000E-02    0.29730904E-06    0.12638594E-10    0.14450073E-03
    0.20340000E-02    0.29748024E-06    0.12654820E-10    0.14456254E-03
    0.20360000E-02    0.29777167E-06    0.12671017E-10    0.14462420E-03
    0.20380000E-02    0.29803872E-06    0.12687188E-10    0.14468569E-03
    0.20400000E-02    0.29830261E-06    0.12703333E-10    0.14474704E-03
    0.20420000E-02    0.29853058E-06    0.12719459E-10    0.14480826E-03
    0.20440000E-02    0.29881891E-06    0.12735559E-10    0.14486933E-03
    0.20460000E-02    0.29913621E-06    0.12751630E-10    0.14493025E-03
    0.20480000E-02    0.29939337E-06    0.12767675E-10    0.14499101E-03
    0.20500000E-02    0.29963952E-06    0.12783692E-10    0.14505161E-03
    0.20520000E-02    0.29987799E-06    0.12799679E-10    0.14511206E-03
    0.20540000E-02    0.30031550E-06    0.12815639E-10    0.14517234E-03
    0.20560000E-02    0.30051173E-06    0.12831582E-10    0.14523252E-03
    0.20580000E-02    0.30066016E-06    0.12847497E-10    0.14529254E-03
    0.20600000E-02    0.30098638E-06    0.12863383E-10    0.14535240E-03
    0.20620000E-02    0.30117022E-06    0.12879253E-10    0.14541215E-03
    0.20640000E-02    0.30142909E-06    0.12895099E-10    0.14547176E-03
    0.20660000E-02    0.30175155E-06    0.12910921E-10    0.14553123E-03
    0.20680000E-02    0.30204982E-06    0.12926723E-10    0.14559058E-03
    0.20700000E-02    0.30240861E-06    0.12942497E-10    0.14564977E-03
    0.20720000E-02    0.30264733E-06    0.12958250E-10    0.14570885E-03
    0.20740000E-02    0.30289737E-06    0.12973977E-10    0.14576777E-03
    0.20760000E-02    0.30319849E-06    0.12989680E-10    0.14582655E-03
    0.20780000E-02    0.30347070E-06    0.13005363E-10    0.14588522E-03
    0.20800000E-02    0.30362402E-06    0.13021019E-10    0.14594374E-03
    0.20820000E-02    0.30384004E-06    0.13036651E-10    0.14600211E-03
    0.20840000E-02    0.30415391E-06    0.13052260E-10    0.14606036E-03
    0.20860000E-02    0.30438398E-06    0.13067856E-10    0.14611851E-03
    0.20880000E-02    0.30463523E-06    0.13083421E-10    0.14617650E-03
    0.20900000E-02    0.30498271E-06    0.13098952E-10    0.14623432E-03
    0.20920000E-02    0.30523067E-06    0.13114461E-10    0.14629201E-03
    0.20940000E-02    0.30545823E-06    0.13129942E-10    0.14634955E-03
    0.20960000E-02    0.30581976E-06    0.13145393E-10    0.14640694E-03
    0.20980000E-02    0.30601777E-06    0.13160820E-10    0.14646419E-03
    0.21000000E-02    0.30631139E-06    0.13176225E-10    0.14652131E-03
    0.21020000E-02    0.30654163E-06    0.13191605E-10    0.14657830E-03
    0.21040000E-02    0.30677584E-06    0.13206952E-10    0.14663512E-03
    0.21060000E-02    0.30697570E-06    0.13222270E-10    0.14669179E-03
    0.21080000E-02    0.30726948E-06    0.13237567E-10    0.14674834E-03
    0.21100000E-02    0.30748095E-06    0.13252842E-10    0.14680476E-03
    0.21120000E-02    0.30770263E-06    0.13268094E-10    0.14686105E-03
    0.21140000E-02    0.30793519E-06    0.13283323E-10    0.14691722E-03
    0.21160000E-02    0.30815774E-06    0.13298526E-10    0.14697325E-03
    0.21180000E-02    0.30846586E-06    0.13313707E-10    0.14702916E-03
    0.21200000E-02    0.30874778E-06    0.13328863E-10    0.14708492E-03
    0.21220000E-02    0.30899302E-06    0.13343990E-10    0.14714055E-03
    0.21240000E-02    0.30931752E-06    0.13359098E-10    0.14719606E-03
    0.21260000E-02    0.30955655E-06    0.13374192E-10    0.14725147E-03
    0.21280000E-02    0.30971258E-06    0.13389260E-10    0.14730675E-03
    0.21300000E-02    0.30998681E-06    0.13404297E-10    0.14736188E-03
    0.21320000E-02    0.31025096E-06    0.13419312E-10    0.14741688E-03
    0.21340000E-02    0.31053745E-06    0.13434301E-10    0.14747175E-03
    0.21360000E-02    0.31080111E-06    0.13449264E-10    0.14752648E-03
    0.21380000E-02    0.31106363E-06    0.13464204E-10    0.14758108E-03
    0.21400000E-02    0.31135528E-06    0.13479126E-10    0.14763558E-03
    0.21420000E-02    0.31164267E-06    0.13494030E-10    0.14768998E-03
    0.21440000E-02    0.31189480E-06    0.13508913E-10    0.14774425E-03
    0.21460000E-02    0.31210381E-06    0.13523771E-10    0.14779840E-03
    0.21480000E-02    0.31234429E-06    0.13538604E-10    0.14785242E-03
    0.21500000E-02    0.31259903E-06    0.13553418E-10    0.14790632E-03
    0.21520000E-02    0.31281845E-06    0.13568204E-10    0.14796009E-03
    0.21540000E-02    0.31303339E-06    0.13582957E-10    0.14801370E-03
    0.21560000E-02    0.31321814E-06    0.13597683E-10    0.14806717E-03
    0.21580000E-02    0.31347393E-06    0.13612382E-10    0.14812050E-03
    0.21600000E-02    0.31380631E-06    0.13627058E-10    0.14817371E-03
    0.21620000E-02    0.31399438E-06    0.13641718E-10    0.14822683E-03
    0.21640000E-02    0.31414597E-06    0.13656354E-10    0.14827982E-03
    0.21660000E-02    0.31436664E-06    0.13670973E-10    0.14833271E-03
    0.21680000E-02    0.31463256E-06    0.13685568E-10    0.14838548E-03
    0.21700000E-02    0.31482933E-06    0.13700141E-10    0.14843813E-03
    0.21720000E-02    0.31503713E-06    0.13714691E-10    0.14849066E-03
    0.21740000E-02    0.31523788E-06    0.13729208E-10    0.14854303E-03
    0.21760000E-02    0.31547338E-06    0.13743697E-10    0.14859527E-03
    0.21780000E-02    0.31574182E-06    0.13758163E-10    0.14864739E-03
    0.21800000E-02    0.31608608E-06    0.13772598E-10    0.14869936E-03
    0.21820000E-02    0.31619050E-06    0.13787016E-10    0.14875123E-03
    0.21840000E-02    0.31642701E-06    0.13801404E-10    0.14880296E-03
    0.21860000E-02    0.31670505E-06    0.13815772E-10    0.14885457E-03
    0.21880000E-02    0.31697510E-06    0.13830122E-10    0.14890609E-03
    0.21900000E-02    0.31715740E-06    0.13844447E-10    0.14895749E-03
    0.21920000E-02    0.31736374E-06    0.13858745E-10    0.14900875E-03
    0.21940000E-02    0.31773478E-06    0.13873014E-10    0.14905987E-03
    0.21960000E-02    0.31795378E-06    0.13887275E-10    0.14911093E-03
    0.21980000E-02    0.31817591E-06    0.13901516E-10    0.14916188E-03
    0.22000000E-02    0.31834922E-06    0.13915729E-10    0.14921270E-03
    0.22020000E-02    0.31864074E-06    0.13929916E-10    0.14926339E-03
    0.22040000E-02    0.31892117E-06    0.13944082E-10    0.14931397E-03
    0.22060000E-02    0.31916828E-06    0.13958227E-10    0.14936444E-03
    0.22080000E-02    0.31941726E-06    0.13972353E-10    0.14941481E-03
    0.22100000E-02    0.31962187E-06    0.13986454E-10    0.14946506E-03
    0.22120000E-02    0.31983768E-06    0.14000529E-10    0.14951518E-03
    0.22140000E-02    0.32003040E-06    0.14014579E-10    0.14956517E-03
    0.22160000E-02    0.32027664E-06    0.14028607E-10    0.14961506E-03
    0.22180000E-02    0.32059883E-06    0.14042615E-10    0.14966484E-03
    0.22200000E-02    0.32086003E-06    0.14056604E-10    0.14971452E-03
    0.22220000E-02    0.32111526E-06    0.14070564E-10    0.14976407E-03
    0.22240000E-02    0.32137298E-06    0.14084501E-10    0.14981350E-03
    0.22260000E-02    0.32156589E-06    0.14098418E-10    0.14986283E-03
    0.22280000E-02    0.32180577E-06    0.14112318E-10    0.14991206E-03
    0.22300000E-02    0.32193127E-06    0.14126194E-10    0.14996118E-03
    0.22320000E-02    0.32223359E-06    0.14140041E-10    0.15001016E-03
    0.22340000E-02    0.32253004E-06    0.14153862E-10    0.15005902E-03
    0.22360000E-02    0.32278229E-06    0.14167661E-10    0.15010777E-03
    0.22380000E-02    0.32307974E-06    0.14181435E-10    0.15015640E-03
    0.22400000E-02    0.32327242E-06    0.14195184E-10    0.15020491E-03
    0.22420000E-02    0.32347187E-06    0.14208913E-10    0.15025332E-03
    0.22440000E-02    0.32366169E-06    0.14222622E-10    0.15030163E-03
    0.22460000E-02    0.32401869E-06    0.14236306E-10    0.15034982E-03
    0.22480000E-02    0.32434973E-06    0.14249978E-10    0.15039793E-03
    0.22500000E-02    0.32456635E-06    0.14263629E-10    0.15044594E-03
    0.22520000E-02    0.32475516E-06    0.14277260E-10    0.15049385E-03
    0.22540000E-02    0.32493536E-06    0.14290864E-10    0.15054163E-03
    0.22560000E-02    0.32515805E-06    0.14304436E-10    0.15058928E-03
    0.22580000E-02    0.32539123E-06    0.14317988E-10    0.15063682E-03
    0.22600000E-02    0.32556247E-06    0.14331516E-10    0.15068424E-03
    0.22620000E-02    0.32584870E-06    0.14345022E-10    0.15073156E-03
    0.22640000E-02    0.32611709E-06    0.14358513E-10    0.15077880E-03
    0.22660000E-02    0.32629559E-06    0.14371981E-10    0.15082593E-03
    0.22680000E-02    0.32658016E-06    0.14385426E-10    0.15087295E-03
    0.22700000E-02    0.32671727E-06    0.14398848E-10    0.15091985E-03
    0.22720000E-02    0.32693227E-06    0.14412239E-10    0.15096663E-03
    0.22740000E-02    0.32727138E-06    0.14425604E-10    0.15101328E-03
    0.22760000E-02    0.32753609E-06    0.14438949E-10    0.15105983E-03
    0.22780000E-02    0.32777022E-06    0.14452273E-10    0.15110628E-03
    0.22800000E-02    0.32795607E-06    0.14465571E-10    0.15115261E-03
    0.22820000E-02    0.32820090E-06    0.14478840E-10    0.15119881E-03
    0.22840000E-02    0.32843482E-06    0.14492087E-10    0.15124491E-03
    0.22860000E-02    0.32856038E-06    0.14505312E-10    0.15129090E-03
    0.22880000E-02    0.32878975E-06    0.14518508E-10    0.15133677E-03
    0.22900000E-02    0.32894334E-06    0.14531682E-10    0.15138253E-03
    0.22920000E-02    0.32921727E-06    0.14544829E-10    0.15142817E-03
    0.22940000E-02    0.32942274E-06    0.14557957E-10    0.15147371E-03
    0.22960000E-02    0.32970795E-06    0.14571055E-10    0.15151913E-03
    0.22980000E-02    0.32994118E-06    0.14584131E-10    0.15156444E-03
    0.23000000E-02    0.33007332E-06    0.14597180E-10    0.15160963E-03
    0.23020000E-02    0.33033011E-06    0.14610203E-10    0.15165470E-03
    0.23040000E-02    0.33060863E-06    0.14623199E-10    0.15169966E-03
    0.23060000E-02    0.33083339E-06    0.14636175E-10    0.15174451E-03
    0.23080000E-02    0.33098839E-06    0.14649135E-10    0.15178929E-03
    0.23100000E-02    0.33122431E-06    0.14662069E-10    0.15183395E-03
    0.23120000E-02    0.33155560E-06    0.14674981E-10    0.15187850E-03
    0.23140000E-02    0.33175622E-06    0.14687883E-10    0.15192300E-03
    0.23160000E-02    0.33200923E-06    0.14700760E-10    0.15196738E-03
    0.23180000E-02    0.33227949E-06    0.14713618E-10    0.15201168E-03
    0.23200000E-02    0.33255050E-06    0.14726450E-10    0.15205586E-03
    0.23220000E-02    0.33273846E-06    0.14739263E-10    0.15209995E-03
    0.23240000E-02    0.33296739E-06    0.14752049E-10    0.15214391E-03
    0.23260000E-02    0.33315478E-06    0.14764820E-10    0.15218781E-03
    0.23280000E-02    0.33330568E-06    0.14777571E-10    0.15223160E-03
    0.23300000E-02    0.33359569E-06    0.14790299E-10    0.15227530E-03
    0.23320000E-02    0.33373145E-06    0.14803007E-10    0.15231889E-03
    0.23340000E-02    0.33386932E-06    0.14815685E-10    0.15236237E-03
    0.23360000E-02    0.33407151E-06    0.14828335E-10    0.15240572E-03
    0.23380000E-02    0.33432693E-06    0.14840964E-10    0.15244897E-03
    0.23400000E-02    0.33448766E-06    0.14853574E-10    0.15249214E-03
    0.23420000E-02    0.33460076E-06    0.14866157E-10    0.15253519E-03
    0.23440000E-02    0.33479004E-06    0.14878715E-10    0.15257812E-03
    0.23460000E-02    0.33505082E-06    0.14891245E-10    0.15262094E-03
    0.23480000E-02    0.33533050E-06    0.14903751E-10    0.15266366E-03
    0.23500000E-02    0.33547240E-06    0.14916238E-10    0.15270628E-03
    0.23520000E-02    0.33567025E-06    0.14928696E-10    0.15274878E-03
    0.23540000E-02    0.33590683E-06    0.14941133E-10    0.15279119E-03
    0.23560000E-02    0.33618640E-06    0.14953548E-10    0.15283350E-03
    0.23580000E-02    0.33642760E-06    0.14965943E-10    0.15287571E-03
    0.23600000E-02    0.33652642E-06    0.14978311E-10    0.15291781E-03
    0.23620000E-02    0.33672860E-06    0.14990659E-10    0.15295982E-03
    0.23640000E-02    0.33689885E-06    0.15002983E-10    0.15300173E-03
    0.23660000E-02    0.33707597E-06    0.15015285E-10    0.15304353E-03
    0.23680000E-02    0.33717269E-06    0.15027562E-10    0.15308524E-03
    0.23700000E-02    0.33734814E-06    0.15039819E-10    0.15312685E-03
    0.23720000E-02    0.33760034E-06    0.15052057E-10    0.15316837E-03
    0.23740000E-02    0.33776300E-06    0.15064273E-10    0.15320979E-03
    0.23760000E-02    0.33780043E-06    0.15076464E-10    0.15325111E-03
    0.23780000E-02    0.33800030E-06    0.15088633E-10    0.15329233E-03
    0.23800000E-02    0.33816531E-06    0.15100777E-10    0.15333345E-03
    0.23820000E-02    0.33821082E-06    0.15112894E-10    0.15337445E-03
    0.23840000E-02    0.33831529E-06    0.15124984E-10    0.15341533E-03
    0.23860000E-02    0.33834209E-06    0.15137049E-10    0.15345612E-03
    0.23880000E-02    0.33841129E-06    0.15149090E-10    0.15349679E-03
    0.23900000E-02    0.33846252E-06    0.15161112E-10    0.15353739E-03
    0.23920000E-02    0.33838078E-06    0.15173109E-10    0.15357787E-03
    0.23940000E-02    0.33837836E-06    0.15185083E-10    0.15361826E-03
    0.23960000E-02    0.33837675E-06    0.15197032E-10    0.15365855E-03
    0.23980000E-02    0.33827880E-06    0.15208958E-10    0.15369873E-03
    0.24000000E-02    0.33827136E-06    0.15220862E-10    0.15373882E-03
