# Poly-100, dt=2us, front-radius.dat (cols: time R_front R_area R_anal err_front err_area)
# Front radius analysis for Scriven-Poly-100
# dt = 2.00e-06 s
# Columns: time[s]  R_front[m]  R_area[m]  R_anal[m]  err_front[%]  err_area[%]  n_elems  surface_area[m2]
2.00000000e-05    5.14927862e-05    5.17277645e-05    5.21629035e-05    1.2847    0.8342    4372    3.36246122e-08
4.00000000e-05    5.31295343e-05    5.33216993e-05    5.42396259e-05    2.0466    1.6924    4463    3.57287504e-08
6.00000000e-05    5.47443605e-05    5.49694547e-05    5.62397148e-05    2.6589    2.2587    4928    3.79710601e-08
8.00000000e-05    5.62963862e-05    5.65405937e-05    5.81710755e-05    3.2227    2.8029    5096    4.01726603e-08
1.00000000e-04    5.78192456e-05    5.80619843e-05    6.00403409e-05    3.6993    3.2950    5471    4.23636735e-08
1.20000000e-04    5.93024278e-05    5.95748093e-05    6.18531409e-05    4.1238    3.6835    5744    4.46000336e-08
1.40000000e-04    6.07565273e-05    6.10308810e-05    6.36143030e-05    4.4923    4.0611    6040    4.68068206e-08
1.60000000e-04    6.21790864e-05    6.24645277e-05    6.53280036e-05    4.8202    4.3832    6257    4.90316812e-08
1.80000000e-04    6.35736269e-05    6.38634327e-05    6.69978847e-05    5.1110    4.6784    6559    5.12524205e-08
2.00000000e-04    6.49510668e-05    6.52578575e-05    6.86271453e-05    5.3566    4.9096    6798    5.35149947e-08
2.20000000e-04    6.63004986e-05    6.66180754e-05    7.02186127e-05    5.5799    5.1276    7236    5.57691503e-08
2.40000000e-04    6.76300236e-05    6.79647406e-05    7.17748012e-05    5.7747    5.3084    7403    5.80466541e-08
2.60000000e-04    6.89464506e-05    6.92936315e-05    7.32979576e-05    5.9367    5.4631    7767    6.03387778e-08
2.80000000e-04    7.02382376e-05    7.05976641e-05    7.47901002e-05    6.0862    5.6056    8086    6.26311704e-08
3.00000000e-04    7.15165539e-05    7.18885180e-05    7.62530498e-05    6.2115    5.7237    8401    6.49424884e-08
3.20000000e-04    7.27801670e-05    7.31587166e-05    7.76884554e-05    6.3179    5.8306    8603    6.72577014e-08
3.40000000e-04    7.40284177e-05    7.44138568e-05    7.90978167e-05    6.4090    5.9217    9014    6.95852982e-08
3.60000000e-04    7.52551284e-05    7.56578221e-05    8.04825020e-05    6.4950    5.9947    9238    7.19312379e-08
3.80000000e-04    7.64771254e-05    7.68910931e-05    8.18437635e-05    6.5572    6.0514    9471    7.42954015e-08
4.00000000e-04    7.76765462e-05    7.81066155e-05    8.31827514e-05    6.6194    6.1024    9920    7.66629457e-08
4.20000000e-04    7.88696877e-05    7.93115946e-05    8.45005245e-05    6.6637    6.1407   10170    7.90466060e-08
4.40000000e-04    8.00519113e-05    8.05137304e-05    8.57980603e-05    6.6973    6.1590   10480    8.14610047e-08
4.60000000e-04    8.12170050e-05    8.16802059e-05    8.70762634e-05    6.7289    6.1969   10679    8.38385024e-08
4.80000000e-04    8.23718191e-05    8.28609595e-05    8.83359732e-05    6.7517    6.1979   10988    8.62799291e-08
5.00000000e-04    8.35157870e-05    8.40191830e-05    8.95779698e-05    6.7675    6.2055   11435    8.87088140e-08
5.20000000e-04    8.46486908e-05    8.51696657e-05    9.08029800e-05    6.7776    6.2039   11743    9.11548433e-08
5.40000000e-04    8.57738384e-05    8.63066482e-05    9.20116823e-05    6.7794    6.2003   11937    9.36048530e-08
5.60000000e-04    8.68915170e-05    8.74369315e-05    9.32047112e-05    6.7735    6.1883   12304    9.60726300e-08
5.80000000e-04    8.79950349e-05    8.85586361e-05    9.43826610e-05    6.7678    6.1707   12722    9.85534207e-08
6.00000000e-04    8.90903261e-05    8.96685743e-05    9.55460894e-05    6.7567    6.1515   12926    1.01039315e-07
6.20000000e-04    9.01779628e-05    9.07750582e-05    9.66955206e-05    6.7403    6.1228   13233    1.03548291e-07
6.40000000e-04    9.12553637e-05    9.18767893e-05    9.78314480e-05    6.7219    6.0867   13573    1.06077062e-07
6.60000000e-04    9.23247024e-05    9.29679643e-05    9.89543365e-05    6.6997    6.0496   13928    1.08611674e-07
6.80000000e-04    9.33893562e-05    9.40428285e-05    1.00064625e-04    6.6710    6.0179   14275    1.11137655e-07
7.00000000e-04    9.44442430e-05    9.51159225e-05    1.01162729e-04    6.6413    5.9773   14553    1.13688441e-07
7.20000000e-04    9.54874175e-05    9.61816761e-05    1.02249040e-04    6.6129    5.9339   14867    1.16250424e-07
7.40000000e-04    9.65319776e-05    9.72357936e-05    1.03323931e-04    6.5735    5.8923   15197    1.18812515e-07
7.60000000e-04    9.75620677e-05    9.82993374e-05    1.04387754e-04    6.5388    5.8325   15691    1.21425820e-07
7.80000000e-04    9.85809918e-05    9.93429427e-05    1.05440845e-04    6.5059    5.7832   15984    1.24017766e-07
8.00000000e-04    9.96047744e-05    1.00375697e-04    1.06483521e-04    6.4599    5.7359   16178    1.26609709e-07
8.20000000e-04    1.00617196e-04    1.01417613e-04    1.07516086e-04    6.4166    5.6721   16685    1.29251811e-07
8.40000000e-04    1.01616453e-04    1.02435772e-04    1.08538828e-04    6.3778    5.6229   17030    1.31860025e-07
8.60000000e-04    1.02616117e-04    1.03442701e-04    1.09552023e-04    6.3312    5.5766   17147    1.34465096e-07
8.80000000e-04    1.03609699e-04    1.04462324e-04    1.10555933e-04    6.2830    5.5118   17607    1.37128975e-07
9.00000000e-04    1.04592160e-04    1.05476740e-04    1.11550808e-04    6.2381    5.4451   18077    1.39805179e-07
9.20000000e-04    1.05567423e-04    1.06476518e-04    1.12536889e-04    6.1931    5.3852   18225    1.42468070e-07
9.40000000e-04    1.06545620e-04    1.07479078e-04    1.13514404e-04    6.1391    5.3168   18446    1.45163598e-07
9.60000000e-04    1.07513238e-04    1.08461068e-04    1.14483572e-04    6.0885    5.2606   18953    1.47828312e-07
9.80000000e-04    1.08471678e-04    1.09458844e-04    1.15444605e-04    6.0401    5.1850   19352    1.50560685e-07
1.00000000e-03    1.09429839e-04    1.10441617e-04    1.16397703e-04    5.9863    5.1170   19533    1.53276429e-07
1.02000000e-03    1.10383175e-04    1.11429555e-04    1.17343060e-04    5.9312    5.0395   19989    1.56030916e-07
1.04000000e-03    1.11326017e-04    1.12387762e-04    1.18280862e-04    5.8799    4.9823   20452    1.58725940e-07
1.06000000e-03    1.12261844e-04    1.13364984e-04    1.19211287e-04    5.8295    4.9042   20638    1.61498214e-07
1.08000000e-03    1.13201577e-04    1.14336723e-04    1.20134505e-04    5.7710    4.8261   20959    1.64278733e-07
1.10000000e-03    1.14131659e-04    1.15283519e-04    1.21050683e-04    5.7158    4.7643   21460    1.67010707e-07
1.12000000e-03    1.15053630e-04    1.16250690e-04    1.21959979e-04    5.6628    4.6813   21792    1.69824735e-07
1.14000000e-03    1.15974502e-04    1.17195277e-04    1.22862545e-04    5.6063    4.6127   22099    1.72595745e-07
1.16000000e-03    1.16891573e-04    1.18149291e-04    1.23758529e-04    5.5487    4.5324   22408    1.75417170e-07
1.18000000e-03    1.17800861e-04    1.19093737e-04    1.24648072e-04    5.4932    4.4560   22971    1.78232833e-07
1.20000000e-03    1.18701689e-04    1.20031274e-04    1.25531312e-04    5.4406    4.3814   23293    1.81050069e-07
1.22000000e-03    1.19604238e-04    1.20978080e-04    1.26408381e-04    5.3827    4.2958   23469    1.83917578e-07
1.24000000e-03    1.20504096e-04    1.21925352e-04    1.27279407e-04    5.3232    4.2065   23946    1.86809044e-07
1.26000000e-03    1.21393001e-04    1.22844050e-04    1.28144512e-04    5.2687    4.1363   24430    1.89634835e-07
1.28000000e-03    1.22279087e-04    1.23764538e-04    1.29003816e-04    5.2128    4.0613   24758    1.92487403e-07
1.30000000e-03    1.23163419e-04    1.24702310e-04    1.29857433e-04    5.1549    3.9698   25041    1.95415433e-07
1.32000000e-03    1.24044145e-04    1.25621596e-04    1.30705476e-04    5.0964    3.8896   25474    1.98307197e-07
1.34000000e-03    1.24918053e-04    1.26536668e-04    1.31548052e-04    5.0400    3.8095   25923    2.01206798e-07
1.36000000e-03    1.25787360e-04    1.27454401e-04    1.32385265e-04    4.9839    3.7246   26309    2.04135971e-07
1.38000000e-03    1.26654884e-04    1.28379206e-04    1.33217217e-04    4.9260    3.6317   26564    2.07109126e-07
1.40000000e-03    1.27517317e-04    1.29286593e-04    1.34044006e-04    4.8691    3.5491   26877    2.10047175e-07
1.42000000e-03    1.28373195e-04    1.30204839e-04    1.34865726e-04    4.8141    3.4559   27326    2.13041451e-07
1.44000000e-03    1.29230139e-04    1.31116370e-04    1.35682469e-04    4.7555    3.3653   27657    2.16034790e-07
1.46000000e-03    1.30079168e-04    1.32028488e-04    1.36494326e-04    4.6999    3.2718   28270    2.19050962e-07
1.48000000e-03    1.30922462e-04    1.32926674e-04    1.37301382e-04    4.6459    3.1862   28416    2.22041493e-07
1.50000000e-03    1.31766051e-04    1.33834154e-04    1.38103722e-04    4.5891    3.0916   28890    2.25083562e-07
1.52000000e-03    1.32605600e-04    1.34739974e-04    1.38901427e-04    4.5326    2.9960   29294    2.28140706e-07
1.54000000e-03    1.33439103e-04    1.35640804e-04    1.39694578e-04    4.4780    2.9019   29812    2.31201461e-07
1.56000000e-03    1.34267067e-04    1.36538861e-04    1.40483250e-04    4.4249    2.8077   30144    2.34273094e-07
1.58000000e-03    1.35095269e-04    1.37421056e-04    1.41267519e-04    4.3692    2.7228   30458    2.37310212e-07
1.60000000e-03    1.35919429e-04    1.38317440e-04    1.42047459e-04    4.3141    2.6259   30857    2.40416210e-07
1.62000000e-03    1.36739502e-04    1.39210793e-04    1.42823139e-04    4.2596    2.5292   31353    2.43531801e-07
1.64000000e-03    1.37552302e-04    1.40106669e-04    1.43594629e-04    4.2079    2.4290   31667    2.46676331e-07
1.66000000e-03    1.38363896e-04    1.41001667e-04    1.44361997e-04    4.1549    2.3277   32077    2.49837922e-07
1.68000000e-03    1.39170463e-04    1.41891554e-04    1.45125306e-04    4.1032    2.2282   32479    2.53001418e-07
1.70000000e-03    1.39972911e-04    1.42769929e-04    1.45884622e-04    4.0523    2.1350   32884    2.56143507e-07
1.72000000e-03    1.40772066e-04    1.43648872e-04    1.46640007e-04    4.0016    2.0398   33277    2.59307037e-07
1.74000000e-03    1.41565979e-04    1.44526297e-04    1.47391520e-04    3.9524    1.9440   33801    2.62484472e-07
1.76000000e-03    1.42354685e-04    1.45411924e-04    1.48139220e-04    3.9048    1.8410   34246    2.65711229e-07
1.78000000e-03    1.43136852e-04    1.46302649e-04    1.48883166e-04    3.8596    1.7332   34639    2.68976442e-07
1.80000000e-03    1.43914371e-04    1.47168193e-04    1.49623413e-04    3.8156    1.6409   35074    2.72168448e-07
