# Poly-125, dt=2us, front-radius.dat (cols: time R_front R_area R_anal err_front err_area)
# Front radius analysis for old_run
# dt = 2.00e-06 s
# Columns: time[s]  R_front[m]  R_area[m]  R_anal[m]  err_front[%]  err_area[%]  n_elems  surface_area[m2]
2.00000000e-05    5.15807431e-05    5.18137335e-05    5.21629035e-05    1.1160    0.6694    6881    3.37364700e-08
4.00000000e-05    5.33097783e-05    5.34969796e-05    5.42396259e-05    1.7143    1.3692    7241    3.59640332e-08
6.00000000e-05    5.49775657e-05    5.52100257e-05    5.62397148e-05    2.2442    1.8309    7652    3.83041440e-08
8.00000000e-05    5.65991441e-05    5.68429025e-05    5.81710755e-05    2.7023    2.2832    8153    4.06033957e-08
1.00000000e-04    5.81865755e-05    5.84454443e-05    6.00403409e-05    3.0875    2.6564    8598    4.29250879e-08
1.20000000e-04    5.97342881e-05    6.00080301e-05    6.18531409e-05    3.4256    2.9831    9038    4.52510442e-08
1.40000000e-04    6.12442439e-05    6.15324162e-05    6.36143030e-05    3.7257    3.2727    9520    4.75792731e-08
1.60000000e-04    6.27309124e-05    6.30321364e-05    6.53280036e-05    3.9755    3.5144   10045    4.99268215e-08
1.80000000e-04    6.41873404e-05    6.45031533e-05    6.69978847e-05    4.1950    3.7236   10482    5.22843552e-08
2.00000000e-04    6.56146567e-05    6.59549361e-05    6.86271453e-05    4.3896    3.8938   10981    5.46643857e-08
2.20000000e-04    6.70210519e-05    6.73771614e-05    7.02186127e-05    4.5537    4.0466   11472    5.70473250e-08
2.40000000e-04    6.84063892e-05    6.87800062e-05    7.17748012e-05    4.6930    4.1725   11940    5.94475945e-08
2.60000000e-04    6.97678223e-05    7.01602169e-05    7.32979576e-05    4.8161    4.2808   12475    6.18574068e-08
2.80000000e-04    7.11151724e-05    7.15297919e-05    7.47901002e-05    4.9137    4.3593   12818    6.42959751e-08
3.00000000e-04    7.24344179e-05    7.28694893e-05    7.62530498e-05    5.0078    4.4373   13400    6.67269564e-08
3.20000000e-04    7.37470177e-05    7.42057302e-05    7.76884554e-05    5.0734    4.4829   13919    6.91965992e-08
3.40000000e-04    7.50350424e-05    7.55169603e-05    7.90978167e-05    5.1364    4.5271   14472    7.16636403e-08
3.60000000e-04    7.63141128e-05    7.68193602e-05    8.04825020e-05    5.1792    4.5515   14760    7.41568434e-08
3.80000000e-04    7.75709972e-05    7.80934654e-05    8.18437635e-05    5.2206    4.5823   15299    7.66371339e-08
4.00000000e-04    7.88205084e-05    7.93712364e-05    8.31827514e-05    5.2442    4.5821   15903    7.91655358e-08
4.20000000e-04    8.00521449e-05    8.06288956e-05    8.45005245e-05    5.2643    4.5818   16341    8.16942117e-08
4.40000000e-04    8.12758932e-05    8.18984146e-05    8.57980603e-05    5.2707    4.5451   16929    8.42870500e-08
4.60000000e-04    8.24806113e-05    8.31372641e-05    8.70762634e-05    5.2777    4.5236   17533    8.68562992e-08
4.80000000e-04    8.36800412e-05    8.43626724e-05    8.83359732e-05    5.2707    4.4979   17977    8.94356199e-08
5.00000000e-04    8.48590947e-05    8.55869796e-05    8.95779698e-05    5.2679    4.4553   18542    9.20503119e-08
5.20000000e-04    8.60349648e-05    8.67945828e-05    9.08029800e-05    5.2509    4.4144   18924    9.46662347e-08
5.40000000e-04    8.71921503e-05    8.80031966e-05    9.20116823e-05    5.2380    4.3565   19596    9.73210440e-08
5.60000000e-04    8.83428360e-05    8.91951454e-05    9.32047112e-05    5.2163    4.3019   19950    9.99752042e-08
5.80000000e-04    8.94811622e-05    9.03736527e-05    9.43826610e-05    5.1932    4.2476   20701    1.02634539e-07
6.00000000e-04    9.06095061e-05    9.15569666e-05    9.55460894e-05    5.1667    4.1751   21121    1.05339840e-07
6.20000000e-04    9.17316990e-05    9.27336920e-05    9.66955206e-05    5.1335    4.0972   21653    1.08064977e-07
6.40000000e-04    9.28397147e-05    9.38910004e-05    9.78314480e-05    5.1024    4.0278   22208    1.10779091e-07
6.60000000e-04    9.39377703e-05    9.50458985e-05    9.89543365e-05    5.0696    3.9497   22714    1.13521109e-07
6.80000000e-04    9.50306681e-05    9.61877489e-05    1.00064625e-04    5.0307    3.8744   23241    1.16265104e-07
7.00000000e-04    9.61137597e-05    9.73341387e-05    1.01162729e-04    4.9909    3.7846   23915    1.19052973e-07
7.20000000e-04    9.71849599e-05    9.84954063e-05    1.02249040e-04    4.9527    3.6711   24418    1.21910698e-07
7.40000000e-04    9.82512653e-05    9.96065760e-05    1.03323931e-04    4.9095    3.5978   24816    1.24676869e-07
7.60000000e-04    9.93061749e-05    1.00743033e-04    1.04387754e-04    4.8680    3.4915   25511    1.27538090e-07
7.80000000e-04    1.00354678e-04    1.01861105e-04    1.05440845e-04    4.8237    3.3950   26067    1.30384699e-07
8.00000000e-04    1.01398467e-04    1.02994469e-04    1.06483521e-04    4.7754    3.2766   26767    1.33302309e-07
8.20000000e-04    1.02429273e-04    1.04116188e-04    1.07516086e-04    4.7312    3.1622   27483    1.36221727e-07
8.40000000e-04    1.03456164e-04    1.05244206e-04    1.08538828e-04    4.6828    3.0354   27955    1.39189430e-07
8.60000000e-04    1.04474320e-04    1.06347404e-04    1.09552023e-04    4.6350    2.9252   28683    1.42122765e-07
8.80000000e-04    1.05484978e-04    1.07465997e-04    1.10555933e-04    4.5868    2.7949   29073    1.45128267e-07
9.00000000e-04    1.06487826e-04    1.08569337e-04    1.11550808e-04    4.5387    2.6727   29771    1.48123591e-07
9.20000000e-04    1.07481633e-04    1.09672728e-04    1.12536889e-04    4.4921    2.5451   30318    1.51149655e-07
9.40000000e-04    1.08471376e-04    1.10787216e-04    1.13514404e-04    4.4426    2.4025   31026    1.54237212e-07
9.60000000e-04    1.09450829e-04    1.11881376e-04    1.14483572e-04    4.3960    2.2730   31662    1.57298818e-07
9.80000000e-04    1.10424420e-04    1.13020927e-04    1.15444605e-04    4.3486    2.0994   32327    1.60519424e-07
1.00000000e-03    1.11392901e-04    1.14121339e-04    1.16397703e-04    4.2997    1.9557   32970    1.63660389e-07
1.02000000e-03    1.12348267e-04    1.15219626e-04    1.17343060e-04    4.2566    1.8096   33486    1.66825634e-07
1.04000000e-03    1.13300733e-04    1.16348153e-04    1.18280862e-04    4.2104    1.6340   34147    1.70109612e-07
1.06000000e-03    1.14244888e-04    1.17473703e-04    1.19211287e-04    4.1660    1.4576   35020    1.73416806e-07
1.08000000e-03    1.15185055e-04    1.18576404e-04    1.20134505e-04    4.1199    1.2970   35558    1.76687740e-07
1.10000000e-03    1.16121968e-04    1.19681784e-04    1.21050683e-04    4.0716    1.1308   36163    1.79997292e-07
1.12000000e-03    1.17044632e-04    1.20827267e-04    1.21959979e-04    4.0303    0.9288   36986    1.83459316e-07
1.14000000e-03    1.17966873e-04    1.21950476e-04    1.22862545e-04    3.9847    0.7423   37351    1.86886042e-07
1.16000000e-03    1.18881666e-04    1.23078172e-04    1.23758529e-04    3.9406    0.5497   38365    1.90358353e-07
1.18000000e-03    1.19786332e-04    1.24215220e-04    1.24648072e-04    3.9004    0.3473   38995    1.93891820e-07
1.20000000e-03    1.20688724e-04    1.25377588e-04    1.25531312e-04    3.8577    0.1225   39623    1.97537559e-07
1.22000000e-03    1.21583788e-04    1.26516506e-04    1.26408381e-04    3.8167    0.0855   40549    2.01142686e-07
1.24000000e-03    1.22469494e-04    1.27675880e-04    1.27279407e-04    3.7790    0.3115   41168    2.04846044e-07
1.26000000e-03    1.23352903e-04    1.28874279e-04    1.28144512e-04    3.7392    0.5695   42074    2.08709570e-07
1.28000000e-03    1.24228277e-04    1.30064508e-04    1.29003816e-04    3.7019    0.8222   43000    2.12582478e-07
1.30000000e-03    1.25099033e-04    1.31243564e-04    1.29857433e-04    3.6643    1.0674   43614    2.16454139e-07
1.32000000e-03    1.25962857e-04    1.32426286e-04    1.30705476e-04    3.6285    1.3166   44553    2.20372940e-07
1.34000000e-03    1.26823376e-04    1.33611743e-04    1.31548052e-04    3.5916    1.5688   45323    2.24336079e-07
1.36000000e-03    1.27678986e-04    1.34806431e-04    1.32385265e-04    3.5550    1.8289   46215    2.28365810e-07
1.38000000e-03    1.28531089e-04    1.35972630e-04    1.33217217e-04    3.5177    2.0684   47176    2.32334047e-07
1.40000000e-03    1.29375073e-04    1.37191510e-04    1.34044006e-04    3.4831    2.3481   47978    2.36518075e-07
1.42000000e-03    1.30213339e-04    1.38404524e-04    1.34865726e-04    3.4496    2.6239   48859    2.40719037e-07
1.44000000e-03    1.31048945e-04    1.39591460e-04    1.35682469e-04    3.4150    2.8810   49791    2.44865479e-07
1.46000000e-03    1.31878614e-04    1.40803634e-04    1.36494326e-04    3.3816    3.1571   50666    2.49136632e-07
1.48000000e-03    1.32699176e-04    1.42037846e-04    1.37301382e-04    3.3519    3.4497   51389    2.53523382e-07
1.50000000e-03    1.33516657e-04    1.43301309e-04    1.38103722e-04    3.3215    3.7635   52286    2.58053753e-07
1.52000000e-03    1.34327596e-04    1.44545646e-04    1.38901427e-04    3.2929    4.0635   53431    2.62554758e-07
1.54000000e-03    1.35133315e-04    1.45778918e-04    1.39694578e-04    3.2652    4.3555   54394    2.67054136e-07
1.56000000e-03    1.35932715e-04    1.47094043e-04    1.40483250e-04    3.2392    4.7058   55170    2.71894255e-07
1.58000000e-03    1.36727987e-04    1.48401712e-04    1.41267519e-04    3.2134    5.0501   56503    2.76750037e-07
1.60000000e-03    1.37514785e-04    1.49699347e-04    1.42047459e-04    3.1910    5.3869   57495    2.81611041e-07
1.62000000e-03    1.38303818e-04    1.50938684e-04    1.42823139e-04    3.1643    5.6822   58506    2.86293168e-07
1.64000000e-03    1.39082840e-04    1.52233802e-04    1.43594629e-04    3.1420    6.0164   59575    2.91227280e-07
1.66000000e-03    1.39854903e-04    1.53563941e-04    1.44361997e-04    3.1221    6.3742   60675    2.96338696e-07
1.68000000e-03    1.40622621e-04    1.54866119e-04    1.45125306e-04    3.1026    6.7120   61773    3.01385735e-07
1.70000000e-03    1.41386474e-04    1.56158610e-04    1.45884622e-04    3.0834    7.0425   62915    3.06437376e-07
1.72000000e-03    1.42144436e-04    1.57431974e-04    1.46640007e-04    3.0657    7.3595   64041    3.11455313e-07
1.74000000e-03    1.42893656e-04    1.58727496e-04    1.47391520e-04    3.0516    7.6911   64889    3.16602392e-07
1.76000000e-03    1.43638045e-04    1.60027198e-04    1.48139220e-04    3.0385    8.0249   66027    3.21808468e-07
1.78000000e-03    1.44377172e-04    1.61296430e-04    1.48883166e-04    3.0265    8.3376   67177    3.26933464e-07
1.80000000e-03    1.45108664e-04    1.62526385e-04    1.49623413e-04    3.0174    8.6236   68449    3.31938491e-07
1.82000000e-03    1.45826928e-04    1.63784053e-04    1.50360015e-04    3.0148    8.9279   69487    3.37095607e-07
