# Poly-75, dt=10us, bench-data segment 3 (cols: time surface volume rad_volume rad_front)
0.10000000E-04    0.31274306E-07    0.52516473E-12    0.50049796E-04    0.49816676E-04
0.20000000E-04    0.32304828E-07    0.54778359E-12    0.50758269E-04    0.50570354E-04
0.30000000E-04    0.33227044E-07    0.57007096E-12    0.51437530E-04    0.51287193E-04
0.40000000E-04    0.34248740E-07    0.59214311E-12    0.52092999E-04    0.51965645E-04
0.50000000E-04    0.35079803E-07    0.61414266E-12    0.52730297E-04    0.52621353E-04
0.60000000E-04    0.35867300E-07    0.63614171E-12    0.53352539E-04    0.53266061E-04
0.70000000E-04    0.36693557E-07    0.65825849E-12    0.53963812E-04    0.53908456E-04
0.80000000E-04    0.37624694E-07    0.68046086E-12    0.54563830E-04    0.54553032E-04
0.90000000E-04    0.38490649E-07    0.70278131E-12    0.55154023E-04    0.55187597E-04
0.10000000E-03    0.39404735E-07    0.72525252E-12    0.55735711E-04    0.55805110E-04
0.11000000E-03    0.40303230E-07    0.74788160E-12    0.56309466E-04    0.56409917E-04
0.12000000E-03    0.41129823E-07    0.77064964E-12    0.56875181E-04    0.57002295E-04
0.13000000E-03    0.41948427E-07    0.79352106E-12    0.57432354E-04    0.57593546E-04
0.14000000E-03    0.42768308E-07    0.81650827E-12    0.57981662E-04    0.58182933E-04
0.15000000E-03    0.43714842E-07    0.83962856E-12    0.58523847E-04    0.58765073E-04
0.16000000E-03    0.44534646E-07    0.86300562E-12    0.59062026E-04    0.59340410E-04
0.17000000E-03    0.45398487E-07    0.88655781E-12    0.59594496E-04    0.59903461E-04
0.18000000E-03    0.46252462E-07    0.91030985E-12    0.60122017E-04    0.60463549E-04
0.19000000E-03    0.47064820E-07    0.93424516E-12    0.60644406E-04    0.61020229E-04
0.20000000E-03    0.47945804E-07    0.95832461E-12    0.61161014E-04    0.61572503E-04
0.21000000E-03    0.48824477E-07    0.98261433E-12    0.61673438E-04    0.62118537E-04
0.22000000E-03    0.49675886E-07    0.10070825E-11    0.62181159E-04    0.62661854E-04
0.23000000E-03    0.50508512E-07    0.10317488E-11    0.62684733E-04    0.63197020E-04
0.24000000E-03    0.51393452E-07    0.10566044E-11    0.63184119E-04    0.63730397E-04
0.25000000E-03    0.52270235E-07    0.10816922E-11    0.63680289E-04    0.64259388E-04
0.26000000E-03    0.53054647E-07    0.11070123E-11    0.64173336E-04    0.64785608E-04
0.27000000E-03    0.53931589E-07    0.11324775E-11    0.64661680E-04    0.65307318E-04
0.28000000E-03    0.54808613E-07    0.11581268E-11    0.65146213E-04    0.65826647E-04
0.29000000E-03    0.55686800E-07    0.11839570E-11    0.65626984E-04    0.66343209E-04
0.30000000E-03    0.56570183E-07    0.12099976E-11    0.66104644E-04    0.66857326E-04
0.31000000E-03    0.57391733E-07    0.12362425E-11    0.66579167E-04    0.67366855E-04
0.32000000E-03    0.58323650E-07    0.12627272E-11    0.67051265E-04    0.67871739E-04
0.33000000E-03    0.59164284E-07    0.12894423E-11    0.67520830E-04    0.68373998E-04
0.34000000E-03    0.59998392E-07    0.13163567E-11    0.67987383E-04    0.68871473E-04
0.35000000E-03    0.60798116E-07    0.13434591E-11    0.68450813E-04    0.69363126E-04
0.36000000E-03    0.61713869E-07    0.13707589E-11    0.68911360E-04    0.69855258E-04
0.37000000E-03    0.62652475E-07    0.13982972E-11    0.69369776E-04    0.70345566E-04
0.38000000E-03    0.63477938E-07    0.14260739E-11    0.69826104E-04    0.70836441E-04
0.39000000E-03    0.64332835E-07    0.14540077E-11    0.70279075E-04    0.71323274E-04
0.40000000E-03    0.65186023E-07    0.14821524E-11    0.70729636E-04    0.71808198E-04
0.41000000E-03    0.66125802E-07    0.15105345E-11    0.71178257E-04    0.72291308E-04
0.42000000E-03    0.67021146E-07    0.15391691E-11    0.71625209E-04    0.72770057E-04
0.43000000E-03    0.67844004E-07    0.15680655E-11    0.72070665E-04    0.73243218E-04
0.44000000E-03    0.68689390E-07    0.15971367E-11    0.72513325E-04    0.73711881E-04
0.45000000E-03    0.69647847E-07    0.16264081E-11    0.72953642E-04    0.74179646E-04
0.46000000E-03    0.70523138E-07    0.16559306E-11    0.73392414E-04    0.74647622E-04
0.47000000E-03    0.71410193E-07    0.16856193E-11    0.73828429E-04    0.75117677E-04
0.48000000E-03    0.72258156E-07    0.17155220E-11    0.74262442E-04    0.75588401E-04
0.49000000E-03    0.73186669E-07    0.17456504E-11    0.74694660E-04    0.76053776E-04
0.50000000E-03    0.74068339E-07    0.17760430E-11    0.75125658E-04    0.76513792E-04
0.51000000E-03    0.74948518E-07    0.18067177E-11    0.75555700E-04    0.76971422E-04
0.52000000E-03    0.75835994E-07    0.18376126E-11    0.75983935E-04    0.77425349E-04
0.53000000E-03    0.76819331E-07    0.18687370E-11    0.76410527E-04    0.77878219E-04
0.54000000E-03    0.77640249E-07    0.19001194E-11    0.76835885E-04    0.78332451E-04
0.55000000E-03    0.78511023E-07    0.19316675E-11    0.77258794E-04    0.78783841E-04
0.56000000E-03    0.79409223E-07    0.19633664E-11    0.77679111E-04    0.79235594E-04
0.57000000E-03    0.80343659E-07    0.19952760E-11    0.78097679E-04    0.79687151E-04
0.58000000E-03    0.81217041E-07    0.20274214E-11    0.78514850E-04    0.80137783E-04
0.59000000E-03    0.82199527E-07    0.20597896E-11    0.78930481E-04    0.80584746E-04
0.60000000E-03    0.83031104E-07    0.20924432E-11    0.79345388E-04    0.81027371E-04
0.61000000E-03    0.83952226E-07    0.21252978E-11    0.79758516E-04    0.81465478E-04
0.62000000E-03    0.84833175E-07    0.21583993E-11    0.80170463E-04    0.81902141E-04
0.63000000E-03    0.85757320E-07    0.21917019E-11    0.80580685E-04    0.82338582E-04
0.64000000E-03    0.86590584E-07    0.22252380E-11    0.80989606E-04    0.82774034E-04
0.65000000E-03    0.87552811E-07    0.22589555E-11    0.81396617E-04    0.83210942E-04
0.66000000E-03    0.88492769E-07    0.22928623E-11    0.81801850E-04    0.83647404E-04
0.67000000E-03    0.89352671E-07    0.23270218E-11    0.82206081E-04    0.84082133E-04
0.68000000E-03    0.90329725E-07    0.23613838E-11    0.82608739E-04    0.84514119E-04
0.69000000E-03    0.91320514E-07    0.23959595E-11    0.83009976E-04    0.84944349E-04
0.70000000E-03    0.92232560E-07    0.24308235E-11    0.83410669E-04    0.85372355E-04
0.71000000E-03    0.93028557E-07    0.24658979E-11    0.83809934E-04    0.85798806E-04
0.72000000E-03    0.94103560E-07    0.25011940E-11    0.84207916E-04    0.86225697E-04
0.73000000E-03    0.95054286E-07    0.25367627E-11    0.84605204E-04    0.86650452E-04
0.74000000E-03    0.95906760E-07    0.25725790E-11    0.85001523E-04    0.87073386E-04
0.75000000E-03    0.96935226E-07    0.26085956E-11    0.85396365E-04    0.87492862E-04
0.76000000E-03    0.97757158E-07    0.26448768E-11    0.85790450E-04    0.87912745E-04
0.77000000E-03    0.98687596E-07    0.26813542E-11    0.86183050E-04    0.88330568E-04
0.78000000E-03    0.99651379E-07    0.27180425E-11    0.86574344E-04    0.88749356E-04
0.79000000E-03    0.10061940E-06    0.27549325E-11    0.86964255E-04    0.89166277E-04
0.80000000E-03    0.10153846E-06    0.27920175E-11    0.87352735E-04    0.89583839E-04
0.81000000E-03    0.10250340E-06    0.28293328E-11    0.87740171E-04    0.90001376E-04
0.82000000E-03    0.10347759E-06    0.28669062E-11    0.88126859E-04    0.90416601E-04
0.83000000E-03    0.10437637E-06    0.29047215E-11    0.88512640E-04    0.90831100E-04
0.84000000E-03    0.10529751E-06    0.29427872E-11    0.88897609E-04    0.91242575E-04
0.85000000E-03    0.10626599E-06    0.29810719E-11    0.89281459E-04    0.91649558E-04
0.86000000E-03    0.10722499E-06    0.30195794E-11    0.89664242E-04    0.92055039E-04
0.87000000E-03    0.10814083E-06    0.30583167E-11    0.90046039E-04    0.92459727E-04
0.88000000E-03    0.10912835E-06    0.30972607E-11    0.90426638E-04    0.92866247E-04
0.89000000E-03    0.11005745E-06    0.31364060E-11    0.90806002E-04    0.93273459E-04
0.90000000E-03    0.11103937E-06    0.31757523E-11    0.91184146E-04    0.93682380E-04
0.91000000E-03    0.11208530E-06    0.32153446E-11    0.91561516E-04    0.94089576E-04
0.92000000E-03    0.11301414E-06    0.32551519E-11    0.91937823E-04    0.94494752E-04
0.93000000E-03    0.11400595E-06    0.32952050E-11    0.92313370E-04    0.94895280E-04
0.94000000E-03    0.11496585E-06    0.33355273E-11    0.92688381E-04    0.95297035E-04
0.95000000E-03    0.11596340E-06    0.33760769E-11    0.93062469E-04    0.95695931E-04
0.96000000E-03    0.11682798E-06    0.34168666E-11    0.93435764E-04    0.96093468E-04
0.97000000E-03    0.11781275E-06    0.34578751E-11    0.93808076E-04    0.96491101E-04
0.98000000E-03    0.11889460E-06    0.34991274E-11    0.94179645E-04    0.96889211E-04
0.99000000E-03    0.11979002E-06    0.35406209E-11    0.94550451E-04    0.97287174E-04
0.10000000E-02    0.12075946E-06    0.35823097E-11    0.94920097E-04    0.97683716E-04
0.10100000E-02    0.12181055E-06    0.36242141E-11    0.95288776E-04    0.98079303E-04
0.10200000E-02    0.12274799E-06    0.36663828E-11    0.95656921E-04    0.98475126E-04
0.10300000E-02    0.12365650E-06    0.37087689E-11    0.96024131E-04    0.98866735E-04
0.10400000E-02    0.12470226E-06    0.37513658E-11    0.96390360E-04    0.99258175E-04
0.10500000E-02    0.12564059E-06    0.37942649E-11    0.96756395E-04    0.99649494E-04
0.10600000E-02    0.12672486E-06    0.38373847E-11    0.97121544E-04    0.10003733E-03
0.10700000E-02    0.12768620E-06    0.38807124E-11    0.97485708E-04    0.10042718E-03
0.10800000E-02    0.12865446E-06    0.39243137E-11    0.97849446E-04    0.10081561E-03
0.10900000E-02    0.12960003E-06    0.39681095E-11    0.98212104E-04    0.10120317E-03
0.11000000E-02    0.13069145E-06    0.40120764E-11    0.98573504E-04    0.10158951E-03
0.11100000E-02    0.13168736E-06    0.40563019E-11    0.98934376E-04    0.10197443E-03
0.11200000E-02    0.13265507E-06    0.41006851E-11    0.99293908E-04    0.10235675E-03
0.11300000E-02    0.13357276E-06    0.41453334E-11    0.99652979E-04    0.10273994E-03
0.11400000E-02    0.13467153E-06    0.41901716E-11    0.10001099E-03    0.10312180E-03
0.11500000E-02    0.13569247E-06    0.42352370E-11    0.10036825E-03    0.10350404E-03
0.11600000E-02    0.13661007E-06    0.42805671E-11    0.10072507E-03    0.10388771E-03
0.11700000E-02    0.13763146E-06    0.43260530E-11    0.10108058E-03    0.10426929E-03
0.11800000E-02    0.13859830E-06    0.43718065E-11    0.10143569E-03    0.10465054E-03
0.11900000E-02    0.13960486E-06    0.44177643E-11    0.10178989E-03    0.10502809E-03
0.12000000E-02    0.14063245E-06    0.44639734E-11    0.10214356E-03    0.10540630E-03
0.12100000E-02    0.14164651E-06    0.45104391E-11    0.10249674E-03    0.10578291E-03
0.12200000E-02    0.14256841E-06    0.45571186E-11    0.10284912E-03    0.10616004E-03
0.12300000E-02    0.14353677E-06    0.46039739E-11    0.10320041E-03    0.10653496E-03
0.12400000E-02    0.14466372E-06    0.46510638E-11    0.10355106E-03    0.10691035E-03
0.12500000E-02    0.14568568E-06    0.46984261E-11    0.10390137E-03    0.10728480E-03
0.12600000E-02    0.14665289E-06    0.47460185E-11    0.10425101E-03    0.10765889E-03
0.12700000E-02    0.14785112E-06    0.47937799E-11    0.10459955E-03    0.10803100E-03
0.12800000E-02    0.14884616E-06    0.48418386E-11    0.10494794E-03    0.10840484E-03
0.12900000E-02    0.14982147E-06    0.48901617E-11    0.10529592E-03    0.10877708E-03
0.13000000E-02    0.15090918E-06    0.49386463E-11    0.10564277E-03    0.10914797E-03
0.13100000E-02    0.15183229E-06    0.49873986E-11    0.10598925E-03    0.10951904E-03
0.13200000E-02    0.15276371E-06    0.50363526E-11    0.10633490E-03    0.10988812E-03
0.13300000E-02    0.15388910E-06    0.50854909E-11    0.10667961E-03    0.11025615E-03
0.13400000E-02    0.15485079E-06    0.51349022E-11    0.10702400E-03    0.11062372E-03
0.13500000E-02    0.15598677E-06    0.51845192E-11    0.10736761E-03    0.11099064E-03
0.13600000E-02    0.15709866E-06    0.52343713E-11    0.10771065E-03    0.11135565E-03
0.13700000E-02    0.15807993E-06    0.52844639E-11    0.10805315E-03    0.11172094E-03
0.13800000E-02    0.15899853E-06    0.53347720E-11    0.10839496E-03    0.11208493E-03
0.13900000E-02    0.16016565E-06    0.53852717E-11    0.10873591E-03    0.11244746E-03
0.14000000E-02    0.16108667E-06    0.54360351E-11    0.10907650E-03    0.11281188E-03
0.14100000E-02    0.16214770E-06    0.54870135E-11    0.10941641E-03    0.11317403E-03
0.14200000E-02    0.16325575E-06    0.55382312E-11    0.10975580E-03    0.11353662E-03
0.14300000E-02    0.16420264E-06    0.55896871E-11    0.11009467E-03    0.11389756E-03
0.14400000E-02    0.16519738E-06    0.56413332E-11    0.11043271E-03    0.11425965E-03
0.14500000E-02    0.16639517E-06    0.56931747E-11    0.11076995E-03    0.11461925E-03
0.14600000E-02    0.16740976E-06    0.57452661E-11    0.11110677E-03    0.11497903E-03
0.14700000E-02    0.16852493E-06    0.57975417E-11    0.11144273E-03    0.11533855E-03
0.14800000E-02    0.16944203E-06    0.58500520E-11    0.11177818E-03    0.11569743E-03
0.14900000E-02    0.17040560E-06    0.59027630E-11    0.11211290E-03    0.11605533E-03
0.15000000E-02    0.17154282E-06    0.59556724E-11    0.11244688E-03    0.11641151E-03
0.15100000E-02    0.17252703E-06    0.60088680E-11    0.11278067E-03    0.11676801E-03
0.15200000E-02    0.17368027E-06    0.60622339E-11    0.11311357E-03    0.11712238E-03
0.15300000E-02    0.17476637E-06    0.61158579E-11    0.11344611E-03    0.11747647E-03
0.15400000E-02    0.17572127E-06    0.61696956E-11    0.11377802E-03    0.11782978E-03
0.15500000E-02    0.17678897E-06    0.62237465E-11    0.11410931E-03    0.11818405E-03
0.15600000E-02    0.17803816E-06    0.62780220E-11    0.11444006E-03    0.11853822E-03
0.15700000E-02    0.17895397E-06    0.63325356E-11    0.11477034E-03    0.11889197E-03
0.15800000E-02    0.18014489E-06    0.63872230E-11    0.11509978E-03    0.11924445E-03
0.15900000E-02    0.18121292E-06    0.64421704E-11    0.11542889E-03    0.11959721E-03
0.16000000E-02    0.18218836E-06    0.64973636E-11    0.11575760E-03    0.11994939E-03
0.16100000E-02    0.18330553E-06    0.65527877E-11    0.11608582E-03    0.12030077E-03
0.16200000E-02    0.18434475E-06    0.66084329E-11    0.11641349E-03    0.12065093E-03
0.16300000E-02    0.18546566E-06    0.66642826E-11    0.11674051E-03    0.12099970E-03
0.16400000E-02    0.18658447E-06    0.67203502E-11    0.11706698E-03    0.12134696E-03
0.16500000E-02    0.18752961E-06    0.67766576E-11    0.11739303E-03    0.12169469E-03
0.16600000E-02    0.18869502E-06    0.68331704E-11    0.11771845E-03    0.12204182E-03
0.16700000E-02    0.18971029E-06    0.68899558E-11    0.11804364E-03    0.12239030E-03
0.16800000E-02    0.19090866E-06    0.69469023E-11    0.11836797E-03    0.12273817E-03
0.16900000E-02    0.19196142E-06    0.70041580E-11    0.11869227E-03    0.12308543E-03
0.17000000E-02    0.19309127E-06    0.70615915E-11    0.11901581E-03    0.12343180E-03
0.17100000E-02    0.19405143E-06    0.71192453E-11    0.11933883E-03    0.12377821E-03
0.17200000E-02    0.19510381E-06    0.71770677E-11    0.11966105E-03    0.12412341E-03
0.17300000E-02    0.19627594E-06    0.72350999E-11    0.11998270E-03    0.12446743E-03
0.17400000E-02    0.19727379E-06    0.72933277E-11    0.12030372E-03    0.12481055E-03
0.17500000E-02    0.19837521E-06    0.73517724E-11    0.12062421E-03    0.12515311E-03
0.17600000E-02    0.19952192E-06    0.74104821E-11    0.12094445E-03    0.12549651E-03
0.17700000E-02    0.20047801E-06    0.74694231E-11    0.12126426E-03    0.12583796E-03
0.17800000E-02    0.20174001E-06    0.75286179E-11    0.12158375E-03    0.12617951E-03
0.17900000E-02    0.20287999E-06    0.75880163E-11    0.12190267E-03    0.12652005E-03
0.18000000E-02    0.20392104E-06    0.76476659E-11    0.12222126E-03    0.12686018E-03
