  5.0000E-03  4.9999E-04
  1.0000E-02  5.0096E-04
  1.5000E-02  5.0216E-04
  2.0000E-02  5.0366E-04
  2.5000E-02  5.0558E-04
  3.0000E-02  5.0812E-04
  3.5000E-02  5.1140E-04
  4.0000E-02  5.1403E-04
  4.5000E-02  5.1597E-04
  5.0000E-02  5.1749E-04
  5.5000E-02  5.1870E-04
  6.0000E-02  5.1970E-04
  6.5000E-02  5.2064E-04
  7.0000E-02  5.2178E-04
  7.5000E-02  5.2321E-04
  8.0000E-02  5.2504E-04
  8.5000E-02  5.2746E-04
  9.0000E-02  5.3068E-04
  9.5000E-02  5.3339E-04
  1.0000E-01  5.3540E-04
  1.0500E-01  5.3696E-04
  1.1000E-01  5.3821E-04
  1.1500E-01  5.3925E-04
  1.2000E-01  5.4013E-04
  1.2500E-01  5.4119E-04
  1.3000E-01  5.4252E-04
  1.3500E-01  5.4421E-04
  1.4000E-01  5.4644E-04
  1.4500E-01  5.4947E-04
  1.5000E-01  5.5246E-04
  1.5500E-01  5.5462E-04
  1.6000E-01  5.5629E-04
  1.6500E-01  5.5762E-04
  1.7000E-01  5.5872E-04
  1.7500E-01  5.5964E-04
  1.8000E-01  5.6048E-04
  1.8500E-01  5.6149E-04
  1.9000E-01  5.6273E-04
  1.9500E-01  5.6429E-04
  2.0000E-01  5.6627E-04
  2.0500E-01  5.6888E-04
  2.1000E-01  5.7186E-04
  2.1500E-01  5.7410E-04
  2.2000E-01  5.7583E-04
  2.2500E-01  5.7721E-04
  2.3000E-01  5.7834E-04
  2.3500E-01  5.7928E-04
  2.4000E-01  5.8010E-04
  2.4500E-01  5.8107E-04
  2.5000E-01  5.8225E-04
  2.5500E-01  5.8373E-04
  2.6000E-01  5.8562E-04
  2.6500E-01  5.8810E-04
  2.7000E-01  5.9115E-04
  2.7500E-01  5.9350E-04
  2.8000E-01  5.9530E-04
  2.8500E-01  5.9673E-04
  2.9000E-01  5.9791E-04
  2.9500E-01  5.9889E-04
  3.0000E-01  5.9973E-04
  3.0500E-01  6.0051E-04
  3.1000E-01  6.0144E-04
  3.1500E-01  6.0256E-04
  3.2000E-01  6.0393E-04
  3.2500E-01  6.0564E-04
  3.3000E-01  6.0782E-04
  3.3500E-01  6.1061E-04
  3.4000E-01  6.1303E-04
  3.4500E-01  6.1488E-04
  3.5000E-01  6.1635E-04
  3.5500E-01  6.1756E-04
  3.6000E-01  6.1856E-04
  3.6500E-01  6.1942E-04
  3.7000E-01  6.2018E-04
  3.7500E-01  6.2107E-04
  3.8000E-01  6.2215E-04
  3.8500E-01  6.2346E-04
  3.9000E-01  6.2509E-04
  3.9500E-01  6.2717E-04
  4.0000E-01  6.2991E-04
  4.0500E-01  6.3243E-04
  4.1000E-01  6.3436E-04
  4.1500E-01  6.3589E-04
  4.2000E-01  6.3714E-04
  4.2500E-01  6.3819E-04
  4.3000E-01  6.3907E-04
  4.3500E-01  6.3984E-04
  4.4000E-01  6.4057E-04
  4.4500E-01  6.4143E-04
  4.5000E-01  6.4245E-04
  4.5500E-01  6.4367E-04
  4.6000E-01  6.4517E-04
  4.6500E-01  6.4703E-04
  4.7000E-01  6.4940E-04
  4.7500E-01  6.5196E-04
  4.8000E-01  6.5394E-04
  4.8500E-01  6.5551E-04
  4.9000E-01  6.5679E-04
  4.9500E-01  6.5786E-04
  5.0000E-01  6.5877E-04
  5.0500E-01  6.5955E-04
  5.1000E-01  6.6024E-04
  5.1500E-01  6.6106E-04
  5.2000E-01  6.6203E-04
  5.2500E-01  6.6320E-04
  5.3000E-01  6.6462E-04
  5.3500E-01  6.6639E-04
  5.4000E-01  6.6863E-04
  5.4500E-01  6.7126E-04
  5.5000E-01  6.7334E-04
  5.5500E-01  6.7499E-04
  5.6000E-01  6.7633E-04
  5.6500E-01  6.7745E-04
  5.7000E-01  6.7840E-04
  5.7500E-01  6.7921E-04
  5.8000E-01  6.7992E-04
  5.8500E-01  6.8062E-04
  5.9000E-01  6.8143E-04
  5.9500E-01  6.8237E-04
  6.0000E-01  6.8350E-04
  6.0500E-01  6.8485E-04
  6.1000E-01  6.8650E-04
  6.1500E-01  6.8856E-04
  6.2000E-01  6.9105E-04
  6.2500E-01  6.9312E-04
  6.3000E-01  6.9476E-04
  6.3500E-01  6.9610E-04
  6.4000E-01  6.9722E-04
  6.4500E-01  6.9817E-04
  6.5000E-01  6.9899E-04
  6.5500E-01  6.9971E-04
  6.6000E-01  7.0038E-04
  6.6500E-01  7.0115E-04
  6.7000E-01  7.0205E-04
  6.7500E-01  7.0312E-04
  6.8000E-01  7.0440E-04
  6.8500E-01  7.0596E-04
  6.9000E-01  7.0789E-04
  6.9500E-01  7.1031E-04
  7.0000E-01  7.1249E-04
  7.0500E-01  7.1421E-04
  7.1000E-01  7.1561E-04
  7.1500E-01  7.1678E-04
  7.2000E-01  7.1777E-04
  7.2500E-01  7.1862E-04
  7.3000E-01  7.1936E-04
  7.3500E-01  7.2002E-04
  7.4000E-01  7.2076E-04
  7.4500E-01  7.2163E-04
  7.5000E-01  7.2267E-04
  7.5500E-01  7.2391E-04
  7.6000E-01  7.2541E-04
  7.6500E-01  7.2728E-04
  7.7000E-01  7.2965E-04
  7.7500E-01  7.3194E-04
  7.8000E-01  7.3373E-04
  7.8500E-01  7.3518E-04
  7.9000E-01  7.3639E-04
  7.9500E-01  7.3741E-04
  8.0000E-01  7.3829E-04
  8.0500E-01  7.3905E-04
  8.1000E-01  7.3972E-04
  8.1500E-01  7.4036E-04
  8.2000E-01  7.4108E-04
  8.2500E-01  7.4191E-04
  8.3000E-01  7.4290E-04
  8.3500E-01  7.4405E-04
  8.4000E-01  7.4544E-04
  8.4500E-01  7.4713E-04
  8.5000E-01  7.4923E-04
  8.5500E-01  7.5152E-04
  8.6000E-01  7.5335E-04
  8.6500E-01  7.5483E-04
  8.7000E-01  7.5606E-04
  8.7500E-01  7.5711E-04
  8.8000E-01  7.5801E-04
  8.8500E-01  7.5879E-04
  8.9000E-01  7.5947E-04
  8.9500E-01  7.6007E-04
  9.0000E-01  7.6077E-04
  9.0500E-01  7.6157E-04
  9.1000E-01  7.6252E-04
  9.1500E-01  7.6363E-04
  9.2000E-01  7.6496E-04
  9.2500E-01  7.6657E-04
  9.3000E-01  7.6857E-04
  9.3500E-01  7.7091E-04
  9.4000E-01  7.7282E-04
  9.4500E-01  7.7437E-04
  9.5000E-01  7.7565E-04
  9.5500E-01  7.7673E-04
  9.6000E-01  7.7767E-04
  9.6500E-01  7.7847E-04
  9.7000E-01  7.7918E-04
  9.7500E-01  7.7981E-04
  9.8000E-01  7.8042E-04
  9.8500E-01  7.8110E-04
  9.9000E-01  7.8189E-04
  9.9500E-01  7.8280E-04
  1.0000E+00  7.8387E-04
  1.0050E+00  7.8514E-04
  1.0100E+00  7.8665E-04
  1.0150E+00  7.8850E-04
  1.0200E+00  7.9071E-04
  1.0250E+00  7.9261E-04
  1.0300E+00  7.9416E-04
  1.0350E+00  7.9544E-04
  1.0400E+00  7.9652E-04
  1.0450E+00  7.9746E-04
  1.0500E+00  7.9827E-04
  1.0550E+00  7.9898E-04
  1.0600E+00  7.9962E-04
  1.0650E+00  8.0018E-04
  1.0700E+00  8.0084E-04
  1.0750E+00  8.0159E-04
  1.0800E+00  8.0246E-04
  1.0850E+00  8.0348E-04
  1.0900E+00  8.0467E-04
  1.0950E+00  8.0610E-04
  1.1000E+00  8.0782E-04
  1.1050E+00  8.0996E-04
  1.1100E+00  8.1197E-04
  1.1150E+00  8.1360E-04
  1.1200E+00  8.1495E-04
  1.1250E+00  8.1609E-04
  1.1300E+00  8.1706E-04
  1.1350E+00  8.1791E-04
  1.1400E+00  8.1865E-04
  1.1450E+00  8.1931E-04
  1.1500E+00  8.1990E-04
  1.1550E+00  8.2047E-04
  1.1600E+00  8.2112E-04
  1.1650E+00  8.2185E-04
  1.1700E+00  8.2270E-04
  1.1750E+00  8.2368E-04
  1.1800E+00  8.2482E-04
  1.1850E+00  8.2617E-04
  1.1900E+00  8.2778E-04
  1.1950E+00  8.2975E-04
  1.2000E+00  8.3176E-04
  1.2050E+00  8.3339E-04
  1.2100E+00  8.3474E-04
  1.2150E+00  8.3588E-04
  1.2200E+00  8.3685E-04
  1.2250E+00  8.3771E-04
  1.2300E+00  8.3845E-04
  1.2350E+00  8.3912E-04
  1.2400E+00  8.3971E-04
  1.2450E+00  8.4026E-04
  1.2500E+00  8.4088E-04
  1.2550E+00  8.4160E-04
  1.2600E+00  8.4241E-04
  1.2650E+00  8.4335E-04
  1.2700E+00  8.4444E-04
  1.2750E+00  8.4573E-04
  1.2800E+00  8.4727E-04
  1.2850E+00  8.4913E-04
  1.2900E+00  8.5119E-04
  1.2950E+00  8.5289E-04
  1.3000E+00  8.5429E-04
  1.3050E+00  8.5547E-04
  1.3100E+00  8.5648E-04
  1.3150E+00  8.5736E-04
  1.3200E+00  8.5813E-04
  1.3250E+00  8.5881E-04
  1.3300E+00  8.5942E-04
  1.3350E+00  8.5997E-04
  1.3400E+00  8.6051E-04
  1.3450E+00  8.6112E-04
  1.3500E+00  8.6180E-04
  1.3550E+00  8.6258E-04
  1.3600E+00  8.6348E-04
  1.3650E+00  8.6451E-04
  1.3700E+00  8.6571E-04
  1.3750E+00  8.6712E-04
  1.3800E+00  8.6881E-04
  1.3850E+00  8.7079E-04
  1.3900E+00  8.7252E-04
  1.3950E+00  8.7396E-04
  1.4000E+00  8.7516E-04
  1.4050E+00  8.7619E-04
  1.4100E+00  8.7709E-04
  1.4150E+00  8.7788E-04
  1.4200E+00  8.7857E-04
  1.4250E+00  8.7920E-04
  1.4300E+00  8.7975E-04
  1.4350E+00  8.8028E-04
  1.4400E+00  8.8087E-04
  1.4450E+00  8.8154E-04
  1.4500E+00  8.8230E-04
  1.4550E+00  8.8317E-04
  1.4600E+00  8.8417E-04
  1.4650E+00  8.8534E-04
  1.4700E+00  8.8672E-04
  1.4750E+00  8.8836E-04
  1.4800E+00  8.9032E-04
  1.4850E+00  8.9210E-04
  1.4900E+00  8.9357E-04
  1.4950E+00  8.9481E-04
  1.5000E+00  8.9587E-04
  1.5050E+00  8.9679E-04
  1.5100E+00  8.9760E-04
  1.5150E+00  8.9831E-04
  1.5200E+00  8.9895E-04
  1.5250E+00  8.9952E-04
  1.5300E+00  9.0003E-04
  1.5350E+00  9.0061E-04
  1.5400E+00  9.0126E-04
  1.5450E+00  9.0200E-04
  1.5500E+00  9.0285E-04
  1.5550E+00  9.0382E-04
  1.5600E+00  9.0496E-04
  1.5650E+00  9.0630E-04
  1.5700E+00  9.0789E-04
  1.5750E+00  9.0983E-04
  1.5800E+00  9.1167E-04
  1.5850E+00  9.1319E-04
  1.5900E+00  9.1446E-04
  1.5950E+00  9.1555E-04
  1.6000E+00  9.1649E-04
  1.6050E+00  9.1731E-04
  1.6100E+00  9.1804E-04
  1.6150E+00  9.1869E-04
  1.6200E+00  9.1928E-04
  1.6250E+00  9.1980E-04
  1.6300E+00  9.2031E-04
  1.6350E+00  9.2087E-04
  1.6400E+00  9.2150E-04
  1.6450E+00  9.2222E-04
  1.6500E+00  9.2303E-04
  1.6550E+00  9.2395E-04
  1.6600E+00  9.2502E-04
  1.6650E+00  9.2626E-04
  1.6700E+00  9.2772E-04
  1.6750E+00  9.2947E-04
  1.6800E+00  9.3132E-04
  1.6850E+00  9.3286E-04
  1.6900E+00  9.3416E-04
  1.6950E+00  9.3527E-04
  1.7000E+00  9.3622E-04
  1.7050E+00  9.3707E-04
  1.7100E+00  9.3781E-04
  1.7150E+00  9.3847E-04
  1.7200E+00  9.3907E-04
  1.7250E+00  9.3960E-04
  1.7300E+00  9.4010E-04
  1.7350E+00  9.4065E-04
  1.7400E+00  9.4126E-04
  1.7450E+00  9.4196E-04
  1.7500E+00  9.4275E-04
  1.7550E+00  9.4365E-04
  1.7600E+00  9.4468E-04
  1.7650E+00  9.4589E-04
  1.7700E+00  9.4731E-04
  1.7750E+00  9.4901E-04
  1.7800E+00  9.5090E-04
  1.7850E+00  9.5248E-04
  1.7900E+00  9.5381E-04
  1.7950E+00  9.5494E-04
  1.8000E+00  9.5592E-04
  1.8050E+00  9.5678E-04
  1.8100E+00  9.5754E-04
  1.8150E+00  9.5822E-04
  1.8200E+00  9.5883E-04
  1.8250E+00  9.5938E-04
  1.8300E+00  9.5987E-04
  1.8350E+00  9.6035E-04
  1.8400E+00  9.6088E-04
  1.8450E+00  9.6148E-04
  1.8500E+00  9.6214E-04
  1.8550E+00  9.6290E-04
  1.8600E+00  9.6375E-04
  1.8650E+00  9.6473E-04
  1.8700E+00  9.6585E-04
  1.8750E+00  9.6715E-04
  1.8800E+00  9.6869E-04
  1.8850E+00  9.7048E-04
  1.8900E+00  9.7211E-04
  1.8950E+00  9.7347E-04
  1.9000E+00  9.7463E-04
  1.9050E+00  9.7564E-04
  1.9100E+00  9.7652E-04
  1.9150E+00  9.7730E-04
  1.9200E+00  9.7799E-04
  1.9250E+00  9.7861E-04
  1.9300E+00  9.7917E-04
  1.9350E+00  9.7968E-04
  1.9400E+00  9.8016E-04
  1.9450E+00  9.8068E-04
  1.9500E+00  9.8127E-04
  1.9550E+00  9.8193E-04
  1.9600E+00  9.8267E-04
  1.9650E+00  9.8352E-04
  1.9700E+00  9.8448E-04
  1.9750E+00  9.8559E-04
  1.9800E+00  9.8688E-04
  1.9850E+00  9.8841E-04
  1.9900E+00  9.9021E-04
  1.9950E+00  9.9184E-04
  2.0000E+00  9.9322E-04
  2.0050E+00  9.9439E-04
  2.0100E+00  9.9541E-04
  2.0150E+00  9.9630E-04
  2.0200E+00  9.9708E-04
  2.0250E+00  9.9778E-04
  2.0300E+00  9.9841E-04
  2.0350E+00  9.9898E-04
  2.0400E+00  9.9949E-04
  2.0450E+00  9.9996E-04
  2.0500E+00  1.0004E-03
  2.0550E+00  1.0009E-03
  2.0600E+00  1.0015E-03
  2.0650E+00  1.0021E-03
  2.0700E+00  1.0028E-03
  2.0750E+00  1.0036E-03
  2.0800E+00  1.0046E-03
  2.0850E+00  1.0056E-03
  2.0900E+00  1.0068E-03
  2.0950E+00  1.0082E-03
  2.1000E+00  1.0098E-03
  2.1050E+00  1.0115E-03
  2.1100E+00  1.0129E-03
  2.1150E+00  1.0141E-03
  2.1200E+00  1.0151E-03
  2.1250E+00  1.0160E-03
  2.1300E+00  1.0168E-03
  2.1350E+00  1.0175E-03
  2.1400E+00  1.0182E-03
  2.1450E+00  1.0188E-03
  2.1500E+00  1.0193E-03
  2.1550E+00  1.0198E-03
  2.1600E+00  1.0202E-03
  2.1650E+00  1.0207E-03
  2.1700E+00  1.0213E-03
  2.1750E+00  1.0219E-03
  2.1800E+00  1.0226E-03
  2.1850E+00  1.0234E-03
  2.1900E+00  1.0242E-03
  2.1950E+00  1.0253E-03
  2.2000E+00  1.0264E-03
  2.2050E+00  1.0278E-03
  2.2100E+00  1.0293E-03
  2.2150E+00  1.0311E-03
  2.2200E+00  1.0325E-03
  2.2250E+00  1.0337E-03
  2.2300E+00  1.0348E-03
  2.2350E+00  1.0357E-03
  2.2400E+00  1.0365E-03
  2.2450E+00  1.0373E-03
  2.2500E+00  1.0379E-03
  2.2550E+00  1.0385E-03
  2.2600E+00  1.0391E-03
  2.2650E+00  1.0395E-03
  2.2700E+00  1.0400E-03
  2.2750E+00  1.0404E-03
  2.2800E+00  1.0409E-03
  2.2850E+00  1.0415E-03
  2.2900E+00  1.0421E-03
  2.2950E+00  1.0427E-03
  2.3000E+00  1.0435E-03
  2.3050E+00  1.0443E-03
  2.3100E+00  1.0453E-03
  2.3150E+00  1.0464E-03
  2.3200E+00  1.0476E-03
  2.3250E+00  1.0491E-03
  2.3300E+00  1.0507E-03
  2.3350E+00  1.0522E-03
  2.3400E+00  1.0534E-03
  2.3450E+00  1.0545E-03
  2.3500E+00  1.0555E-03
  2.3550E+00  1.0563E-03
  2.3600E+00  1.0571E-03
  2.3650E+00  1.0577E-03
  2.3700E+00  1.0583E-03
  2.3750E+00  1.0589E-03
  2.3800E+00  1.0594E-03
  2.3850E+00  1.0598E-03
  2.3900E+00  1.0603E-03
  2.3950E+00  1.0607E-03
  2.4000E+00  1.0613E-03
  2.4050E+00  1.0619E-03
  2.4100E+00  1.0625E-03
  2.4150E+00  1.0632E-03
  2.4200E+00  1.0641E-03
  2.4250E+00  1.0650E-03
  2.4300E+00  1.0661E-03
  2.4350E+00  1.0673E-03
  2.4400E+00  1.0687E-03
  2.4450E+00  1.0703E-03
  2.4500E+00  1.0718E-03
  2.4550E+00  1.0731E-03
  2.4600E+00  1.0742E-03
  2.4650E+00  1.0752E-03
  2.4700E+00  1.0760E-03
  2.4750E+00  1.0768E-03
  2.4800E+00  1.0775E-03
  2.4850E+00  1.0781E-03
  2.4900E+00  1.0787E-03
  2.4950E+00  1.0792E-03
  2.5000E+00  1.0796E-03
  2.5050E+00  1.0800E-03
  2.5100E+00  1.0805E-03
  2.5150E+00  1.0810E-03
  2.5200E+00  1.0816E-03
  2.5250E+00  1.0822E-03
  2.5300E+00  1.0830E-03
  2.5350E+00  1.0838E-03
  2.5400E+00  1.0847E-03
  2.5450E+00  1.0857E-03
  2.5500E+00  1.0869E-03
  2.5550E+00  1.0883E-03
  2.5600E+00  1.0899E-03
  2.5650E+00  1.0914E-03
  2.5700E+00  1.0928E-03
  2.5750E+00  1.0939E-03
  2.5800E+00  1.0949E-03
  2.5850E+00  1.0958E-03
  2.5900E+00  1.0965E-03
  2.5950E+00  1.0972E-03
  2.6000E+00  1.0979E-03
  2.6050E+00  1.0984E-03
  2.6100E+00  1.0989E-03
  2.6150E+00  1.0994E-03
  2.6200E+00  1.0999E-03
  2.6250E+00  1.1003E-03
  2.6300E+00  1.1007E-03
  2.6350E+00  1.1013E-03
  2.6400E+00  1.1018E-03
  2.6450E+00  1.1024E-03
  2.6500E+00  1.1031E-03
  2.6550E+00  1.1039E-03
  2.6600E+00  1.1048E-03
  2.6650E+00  1.1058E-03
  2.6700E+00  1.1069E-03
  2.6750E+00  1.1082E-03
  2.6800E+00  1.1097E-03
  2.6850E+00  1.1112E-03
  2.6900E+00  1.1126E-03
  2.6950E+00  1.1137E-03
  2.7000E+00  1.1147E-03
  2.7050E+00  1.1156E-03
  2.7100E+00  1.1164E-03
  2.7150E+00  1.1171E-03
  2.7200E+00  1.1177E-03
  2.7250E+00  1.1183E-03
  2.7300E+00  1.1188E-03
  2.7350E+00  1.1193E-03
  2.7400E+00  1.1197E-03
  2.7450E+00  1.1201E-03
  2.7500E+00  1.1206E-03
  2.7550E+00  1.1211E-03
  2.7600E+00  1.1216E-03
  2.7650E+00  1.1222E-03
  2.7700E+00  1.1229E-03
  2.7750E+00  1.1236E-03
  2.7800E+00  1.1245E-03
  2.7850E+00  1.1254E-03
  2.7900E+00  1.1265E-03
  2.7950E+00  1.1278E-03
  2.8000E+00  1.1292E-03
  2.8050E+00  1.1308E-03
  2.8100E+00  1.1321E-03
  2.8150E+00  1.1333E-03
  2.8200E+00  1.1344E-03
  2.8250E+00  1.1353E-03
  2.8300E+00  1.1361E-03
  2.8350E+00  1.1368E-03
  2.8400E+00  1.1374E-03
  2.8450E+00  1.1380E-03
  2.8500E+00  1.1386E-03
  2.8550E+00  1.1390E-03
  2.8600E+00  1.1395E-03
  2.8650E+00  1.1399E-03
  2.8700E+00  1.1403E-03
  2.8750E+00  1.1408E-03
  2.8800E+00  1.1413E-03
  2.8850E+00  1.1418E-03
  2.8900E+00  1.1424E-03
  2.8950E+00  1.1430E-03
  2.9000E+00  1.1438E-03
  2.9050E+00  1.1446E-03
  2.9100E+00  1.1455E-03
  2.9150E+00  1.1465E-03
  2.9200E+00  1.1477E-03
  2.9250E+00  1.1491E-03
  2.9300E+00  1.1506E-03
  2.9350E+00  1.1520E-03
  2.9400E+00  1.1531E-03
  2.9450E+00  1.1542E-03
  2.9500E+00  1.1551E-03
  2.9550E+00  1.1559E-03
  2.9600E+00  1.1566E-03
  2.9650E+00  1.1573E-03
  2.9700E+00  1.1579E-03
  2.9750E+00  1.1584E-03
  2.9800E+00  1.1589E-03
  2.9850E+00  1.1594E-03
  2.9900E+00  1.1598E-03
  2.9950E+00  1.1602E-03
  3.0000E+00  1.1606E-03
  3.0050E+00  1.1611E-03
  3.0100E+00  1.1616E-03
  3.0150E+00  1.1622E-03
  3.0200E+00  1.1628E-03
  3.0250E+00  1.1635E-03
  3.0300E+00  1.1643E-03
  3.0350E+00  1.1652E-03
  3.0400E+00  1.1662E-03
  3.0450E+00  1.1673E-03
  3.0500E+00  1.1686E-03
  3.0550E+00  1.1701E-03
  3.0600E+00  1.1715E-03
  3.0650E+00  1.1728E-03
  3.0700E+00  1.1738E-03
  3.0750E+00  1.1748E-03
  3.0800E+00  1.1756E-03
  3.0850E+00  1.1763E-03
  3.0900E+00  1.1770E-03
  3.0950E+00  1.1776E-03
  3.1000E+00  1.1782E-03
  3.1050E+00  1.1787E-03
  3.1100E+00  1.1791E-03
  3.1150E+00  1.1796E-03
  3.1200E+00  1.1800E-03
  3.1250E+00  1.1804E-03
  3.1300E+00  1.1808E-03
  3.1350E+00  1.1813E-03
  3.1400E+00  1.1818E-03
  3.1450E+00  1.1823E-03
  3.1500E+00  1.1829E-03
  3.1550E+00  1.1836E-03
  3.1600E+00  1.1844E-03
  3.1650E+00  1.1852E-03
  3.1700E+00  1.1862E-03
  3.1750E+00  1.1873E-03
  3.1800E+00  1.1885E-03
  3.1850E+00  1.1899E-03
  3.1900E+00  1.1913E-03
  3.1950E+00  1.1926E-03
  3.2000E+00  1.1936E-03
  3.2050E+00  1.1946E-03
  3.2100E+00  1.1954E-03
  3.2150E+00  1.1962E-03
  3.2200E+00  1.1968E-03
  3.2250E+00  1.1975E-03
  3.2300E+00  1.1980E-03
  3.2350E+00  1.1985E-03
  3.2400E+00  1.1990E-03
  3.2450E+00  1.1994E-03
  3.2500E+00  1.1998E-03
  3.2550E+00  1.2002E-03
  3.2600E+00  1.2006E-03
  3.2650E+00  1.2011E-03
  3.2700E+00  1.2016E-03
  3.2750E+00  1.2021E-03
  3.2800E+00  1.2027E-03
  3.2850E+00  1.2034E-03
  3.2900E+00  1.2041E-03
  3.2950E+00  1.2049E-03
  3.3000E+00  1.2059E-03
  3.3050E+00  1.2069E-03
  3.3100E+00  1.2081E-03
  3.3150E+00  1.2095E-03
  3.3200E+00  1.2109E-03
  3.3250E+00  1.2122E-03
  3.3300E+00  1.2133E-03
  3.3350E+00  1.2143E-03
  3.3400E+00  1.2151E-03
  3.3450E+00  1.2159E-03
  3.3500E+00  1.2166E-03
  3.3550E+00  1.2172E-03
  3.3600E+00  1.2178E-03
  3.3650E+00  1.2183E-03
  3.3700E+00  1.2188E-03
  3.3750E+00  1.2192E-03
  3.3800E+00  1.2196E-03
  3.3850E+00  1.2200E-03
  3.3900E+00  1.2204E-03
  3.3950E+00  1.2208E-03
  3.4000E+00  1.2213E-03
  3.4050E+00  1.2218E-03
  3.4100E+00  1.2223E-03
  3.4150E+00  1.2229E-03
  3.4200E+00  1.2235E-03
  3.4250E+00  1.2242E-03
  3.4300E+00  1.2250E-03
  3.4350E+00  1.2259E-03
  3.4400E+00  1.2269E-03
  3.4450E+00  1.2281E-03
  3.4500E+00  1.2293E-03
  3.4550E+00  1.2308E-03
  3.4600E+00  1.2320E-03
  3.4650E+00  1.2331E-03
  3.4700E+00  1.2341E-03
  3.4750E+00  1.2350E-03
  3.4800E+00  1.2357E-03
  3.4850E+00  1.2364E-03
  3.4900E+00  1.2371E-03
  3.4950E+00  1.2376E-03
  3.5000E+00  1.2382E-03
  3.5050E+00  1.2386E-03
  3.5100E+00  1.2391E-03
  3.5150E+00  1.2395E-03
  3.5200E+00  1.2399E-03
  3.5250E+00  1.2403E-03
  3.5300E+00  1.2407E-03
  3.5350E+00  1.2411E-03
  3.5400E+00  1.2416E-03
  3.5450E+00  1.2421E-03
  3.5500E+00  1.2427E-03
  3.5550E+00  1.2433E-03
  3.5600E+00  1.2440E-03
  3.5650E+00  1.2448E-03
  3.5700E+00  1.2456E-03
  3.5750E+00  1.2466E-03
  3.5800E+00  1.2477E-03
  3.5850E+00  1.2489E-03
  3.5900E+00  1.2503E-03
  3.5950E+00  1.2516E-03
  3.6000E+00  1.2528E-03
  3.6050E+00  1.2538E-03
  3.6100E+00  1.2546E-03
  3.6150E+00  1.2554E-03
  3.6200E+00  1.2562E-03
  3.6250E+00  1.2568E-03
  3.6300E+00  1.2574E-03
  3.6350E+00  1.2579E-03
  3.6400E+00  1.2584E-03
  3.6450E+00  1.2589E-03
  3.6500E+00  1.2593E-03
  3.6550E+00  1.2597E-03
  3.6600E+00  1.2601E-03
  3.6650E+00  1.2605E-03
  3.6700E+00  1.2609E-03
  3.6750E+00  1.2614E-03
  3.6800E+00  1.2619E-03
  3.6850E+00  1.2624E-03
  3.6900E+00  1.2631E-03
  3.6950E+00  1.2638E-03
  3.7000E+00  1.2645E-03
  3.7050E+00  1.2654E-03
  3.7100E+00  1.2663E-03
  3.7150E+00  1.2674E-03
  3.7200E+00  1.2687E-03
  3.7250E+00  1.2701E-03
  3.7300E+00  1.2714E-03
  3.7350E+00  1.2725E-03
  3.7400E+00  1.2735E-03
  3.7450E+00  1.2744E-03
  3.7500E+00  1.2752E-03
  3.7550E+00  1.2760E-03
  3.7600E+00  1.2766E-03
  3.7650E+00  1.2772E-03
  3.7700E+00  1.2778E-03
  3.7750E+00  1.2783E-03
  3.7800E+00  1.2787E-03
  3.7850E+00  1.2791E-03
  3.7900E+00  1.2795E-03
  3.7950E+00  1.2799E-03
  3.8000E+00  1.2803E-03
  3.8050E+00  1.2807E-03
  3.8100E+00  1.2811E-03
  3.8150E+00  1.2815E-03
  3.8200E+00  1.2820E-03
  3.8250E+00  1.2826E-03
  3.8300E+00  1.2832E-03
  3.8350E+00  1.2838E-03
  3.8400E+00  1.2846E-03
  3.8450E+00  1.2854E-03
  3.8500E+00  1.2863E-03
  3.8550E+00  1.2873E-03
  3.8600E+00  1.2884E-03
  3.8650E+00  1.2897E-03
  3.8700E+00  1.2910E-03
  3.8750E+00  1.2922E-03
  3.8800E+00  1.2933E-03
  3.8850E+00  1.2942E-03
  3.8900E+00  1.2950E-03
  3.8950E+00  1.2957E-03
  3.9000E+00  1.2964E-03
  3.9050E+00  1.2970E-03
  3.9100E+00  1.2976E-03
  3.9150E+00  1.2981E-03
  3.9200E+00  1.2985E-03
  3.9250E+00  1.2990E-03
  3.9300E+00  1.2994E-03
  3.9350E+00  1.2997E-03
  3.9400E+00  1.3001E-03
  3.9450E+00  1.3005E-03
  3.9500E+00  1.3009E-03
  3.9550E+00  1.3014E-03
  3.9600E+00  1.3019E-03
  3.9650E+00  1.3024E-03
  3.9700E+00  1.3030E-03
  3.9750E+00  1.3036E-03
  3.9800E+00  1.3043E-03
  3.9850E+00  1.3051E-03
  3.9900E+00  1.3060E-03
  3.9950E+00  1.3070E-03
  4.0000E+00  1.3082E-03
  4.0050E+00  1.3095E-03
  4.0100E+00  1.3108E-03
  4.0150E+00  1.3120E-03
  4.0200E+00  1.3130E-03
  4.0250E+00  1.3140E-03
  4.0300E+00  1.3148E-03
  4.0350E+00  1.3155E-03
  4.0400E+00  1.3162E-03
  4.0450E+00  1.3168E-03
  4.0500E+00  1.3174E-03
  4.0550E+00  1.3179E-03
  4.0600E+00  1.3184E-03
  4.0650E+00  1.3188E-03
  4.0700E+00  1.3192E-03
  4.0750E+00  1.3196E-03
  4.0800E+00  1.3200E-03
  4.0850E+00  1.3203E-03
  4.0900E+00  1.3207E-03
  4.0950E+00  1.3211E-03
  4.1000E+00  1.3215E-03
  4.1050E+00  1.3220E-03
  4.1100E+00  1.3225E-03
  4.1150E+00  1.3231E-03
  4.1200E+00  1.3237E-03
  4.1250E+00  1.3244E-03
  4.1300E+00  1.3252E-03
  4.1350E+00  1.3260E-03
  4.1400E+00  1.3269E-03
  4.1450E+00  1.3280E-03
  4.1500E+00  1.3292E-03
  4.1550E+00  1.3305E-03
  4.1600E+00  1.3317E-03
  4.1650E+00  1.3328E-03
  4.1700E+00  1.3337E-03
  4.1750E+00  1.3346E-03
  4.1800E+00  1.3353E-03
  4.1850E+00  1.3360E-03
  4.1900E+00  1.3366E-03
  4.1950E+00  1.3372E-03
  4.2000E+00  1.3377E-03
  4.2050E+00  1.3382E-03
  4.2100E+00  1.3386E-03
  4.2150E+00  1.3391E-03
  4.2200E+00  1.3394E-03
  4.2250E+00  1.3398E-03
  4.2300E+00  1.3401E-03
  4.2350E+00  1.3405E-03
  4.2400E+00  1.3409E-03
  4.2450E+00  1.3413E-03
  4.2500E+00  1.3418E-03
  4.2550E+00  1.3423E-03
  4.2600E+00  1.3429E-03
  4.2650E+00  1.3435E-03
  4.2700E+00  1.3442E-03
  4.2750E+00  1.3449E-03
  4.2800E+00  1.3457E-03
  4.2850E+00  1.3466E-03
  4.2900E+00  1.3477E-03
  4.2950E+00  1.3488E-03
  4.3000E+00  1.3502E-03
  4.3050E+00  1.3514E-03
  4.3100E+00  1.3525E-03
  4.3150E+00  1.3534E-03
  4.3200E+00  1.3543E-03
  4.3250E+00  1.3551E-03
  4.3300E+00  1.3558E-03
  4.3350E+00  1.3564E-03
  4.3400E+00  1.3570E-03
  4.3450E+00  1.3575E-03
  4.3500E+00  1.3580E-03
  4.3550E+00  1.3585E-03
  4.3600E+00  1.3589E-03
  4.3650E+00  1.3593E-03
  4.3700E+00  1.3596E-03
  4.3750E+00  1.3600E-03
  4.3800E+00  1.3603E-03
  4.3850E+00  1.3607E-03
  4.3900E+00  1.3611E-03
  4.3950E+00  1.3615E-03
  4.4000E+00  1.3620E-03
  4.4050E+00  1.3625E-03
  4.4100E+00  1.3630E-03
  4.4150E+00  1.3636E-03
  4.4200E+00  1.3643E-03
  4.4250E+00  1.3650E-03
  4.4300E+00  1.3658E-03
  4.4350E+00  1.3667E-03
  4.4400E+00  1.3676E-03
  4.4450E+00  1.3687E-03
  4.4500E+00  1.3700E-03
  4.4550E+00  1.3712E-03
  4.4600E+00  1.3723E-03
  4.4650E+00  1.3733E-03
  4.4700E+00  1.3741E-03
  4.4750E+00  1.3749E-03
  4.4800E+00  1.3756E-03
  4.4850E+00  1.3763E-03
  4.4900E+00  1.3768E-03
  4.4950E+00  1.3774E-03
  4.5000E+00  1.3779E-03
  4.5050E+00  1.3783E-03
  4.5100E+00  1.3788E-03
  4.5150E+00  1.3792E-03
  4.5200E+00  1.3795E-03
  4.5250E+00  1.3799E-03
  4.5300E+00  1.3802E-03
  4.5350E+00  1.3806E-03
  4.5400E+00  1.3809E-03
  4.5450E+00  1.3814E-03
  4.5500E+00  1.3818E-03
  4.5550E+00  1.3823E-03
  4.5600E+00  1.3828E-03
  4.5650E+00  1.3834E-03
  4.5700E+00  1.3840E-03
  4.5750E+00  1.3847E-03
  4.5800E+00  1.3855E-03
  4.5850E+00  1.3864E-03
  4.5900E+00  1.3873E-03
  4.5950E+00  1.3884E-03
  4.6000E+00  1.3896E-03
  4.6050E+00  1.3909E-03
  4.6100E+00  1.3920E-03
  4.6150E+00  1.3930E-03
  4.6200E+00  1.3939E-03
  4.6250E+00  1.3946E-03
  4.6300E+00  1.3954E-03
  4.6350E+00  1.3960E-03
  4.6400E+00  1.3966E-03
  4.6450E+00  1.3972E-03
  4.6500E+00  1.3977E-03
  4.6550E+00  1.3981E-03
  4.6600E+00  1.3986E-03
  4.6650E+00  1.3990E-03
  4.6700E+00  1.3993E-03
  4.6750E+00  1.3997E-03
  4.6800E+00  1.4000E-03
  4.6850E+00  1.4004E-03
  4.6900E+00  1.4008E-03
  4.6950E+00  1.4012E-03
  4.7000E+00  1.4016E-03
  4.7050E+00  1.4021E-03
  4.7100E+00  1.4026E-03
  4.7150E+00  1.4032E-03
  4.7200E+00  1.4038E-03
  4.7250E+00  1.4045E-03
  4.7300E+00  1.4053E-03
  4.7350E+00  1.4061E-03
  4.7400E+00  1.4071E-03
  4.7450E+00  1.4082E-03
  4.7500E+00  1.4094E-03
  4.7550E+00  1.4106E-03
  4.7600E+00  1.4118E-03
  4.7650E+00  1.4128E-03
  4.7700E+00  1.4137E-03
  4.7750E+00  1.4145E-03
  4.7800E+00  1.4152E-03
  4.7850E+00  1.4158E-03
  4.7900E+00  1.4165E-03
  4.7950E+00  1.4170E-03
  4.8000E+00  1.4175E-03
  4.8050E+00  1.4180E-03
  4.8100E+00  1.4184E-03
  4.8150E+00  1.4188E-03
  4.8200E+00  1.4192E-03
  4.8250E+00  1.4196E-03
  4.8300E+00  1.4199E-03
  4.8350E+00  1.4202E-03
  4.8400E+00  1.4206E-03
  4.8450E+00  1.4209E-03
  4.8500E+00  1.4213E-03
  4.8550E+00  1.4218E-03
  4.8600E+00  1.4222E-03
  4.8650E+00  1.4228E-03
  4.8700E+00  1.4233E-03
  4.8750E+00  1.4239E-03
  4.8800E+00  1.4246E-03
  4.8850E+00  1.4253E-03
  4.8900E+00  1.4261E-03
  4.8950E+00  1.4270E-03
  4.9000E+00  1.4280E-03
  4.9050E+00  1.4291E-03
  4.9100E+00  1.4303E-03
  4.9150E+00  1.4315E-03
  4.9200E+00  1.4325E-03
  4.9250E+00  1.4334E-03
  4.9300E+00  1.4342E-03
  4.9350E+00  1.4350E-03
  4.9400E+00  1.4356E-03
  4.9450E+00  1.4362E-03
  4.9500E+00  1.4368E-03
  4.9550E+00  1.4373E-03
  4.9600E+00  1.4378E-03
  4.9650E+00  1.4383E-03
  4.9700E+00  1.4387E-03
  4.9750E+00  1.4391E-03
  4.9800E+00  1.4394E-03
  4.9850E+00  1.4397E-03
  4.9900E+00  1.4401E-03
  4.9950E+00  1.4404E-03
  5.0000E+00  1.4408E-03
  5.0050E+00  1.4412E-03
  5.0100E+00  1.4416E-03
  5.0150E+00  1.4421E-03
  5.0200E+00  1.4426E-03
  5.0250E+00  1.4431E-03
  5.0300E+00  1.4437E-03
  5.0350E+00  1.4444E-03
  5.0400E+00  1.4451E-03
  5.0450E+00  1.4459E-03
  5.0500E+00  1.4468E-03
  5.0550E+00  1.4478E-03
  5.0600E+00  1.4489E-03
  5.0650E+00  1.4501E-03
  5.0700E+00  1.4513E-03
  5.0750E+00  1.4523E-03
  5.0800E+00  1.4532E-03
  5.0850E+00  1.4540E-03
  5.0900E+00  1.4548E-03
  5.0950E+00  1.4555E-03
  5.1000E+00  1.4561E-03
  5.1050E+00  1.4566E-03
  5.1100E+00  1.4572E-03
  5.1150E+00  1.4577E-03
  5.1200E+00  1.4581E-03
  5.1250E+00  1.4585E-03
  5.1300E+00  1.4589E-03
  5.1350E+00  1.4593E-03
  5.1400E+00  1.4596E-03
  5.1450E+00  1.4599E-03
  5.1500E+00  1.4603E-03
  5.1550E+00  1.4606E-03
  5.1600E+00  1.4610E-03
  5.1650E+00  1.4613E-03
  5.1700E+00  1.4618E-03
  5.1750E+00  1.4622E-03
  5.1800E+00  1.4627E-03
  5.1850E+00  1.4632E-03
  5.1900E+00  1.4638E-03
  5.1950E+00  1.4644E-03
  5.2000E+00  1.4651E-03
  5.2050E+00  1.4659E-03
  5.2100E+00  1.4667E-03
  5.2150E+00  1.4676E-03
  5.2200E+00  1.4687E-03
  5.2250E+00  1.4698E-03
  5.2300E+00  1.4710E-03
  5.2350E+00  1.4720E-03
  5.2400E+00  1.4730E-03
  5.2450E+00  1.4738E-03
  5.2500E+00  1.4746E-03
  5.2550E+00  1.4753E-03
  5.2600E+00  1.4759E-03
  5.2650E+00  1.4765E-03
  5.2700E+00  1.4770E-03
  5.2750E+00  1.4775E-03
  5.2800E+00  1.4779E-03
  5.2850E+00  1.4784E-03
  5.2900E+00  1.4788E-03
  5.2950E+00  1.4791E-03
  5.3000E+00  1.4795E-03
  5.3050E+00  1.4798E-03
  5.3100E+00  1.4801E-03
  5.3150E+00  1.4804E-03
  5.3200E+00  1.4808E-03
  5.3250E+00  1.4812E-03
  5.3300E+00  1.4816E-03
  5.3350E+00  1.4820E-03
  5.3400E+00  1.4825E-03
  5.3450E+00  1.4830E-03
  5.3500E+00  1.4836E-03
  5.3550E+00  1.4842E-03
  5.3600E+00  1.4849E-03
  5.3650E+00  1.4856E-03
  5.3700E+00  1.4864E-03
  5.3750E+00  1.4874E-03
  5.3800E+00  1.4884E-03
  5.3850E+00  1.4895E-03
  5.3900E+00  1.4907E-03
  5.3950E+00  1.4918E-03
  5.4000E+00  1.4927E-03
  5.4050E+00  1.4936E-03
  5.4100E+00  1.4943E-03
  5.4150E+00  1.4950E-03
  5.4200E+00  1.4957E-03
  5.4250E+00  1.4963E-03
  5.4300E+00  1.4968E-03
  5.4350E+00  1.4973E-03
  5.4400E+00  1.4978E-03
  5.4450E+00  1.4982E-03
  5.4500E+00  1.4986E-03
  5.4550E+00  1.4990E-03
  5.4600E+00  1.4993E-03
  5.4650E+00  1.4997E-03
  5.4700E+00  1.5000E-03
  5.4750E+00  1.5003E-03
  5.4800E+00  1.5006E-03
  5.4850E+00  1.5010E-03
  5.4900E+00  1.5013E-03
  5.4950E+00  1.5017E-03
  5.5000E+00  1.5022E-03
  5.5050E+00  1.5026E-03
  5.5100E+00  1.5032E-03
  5.5150E+00  1.5037E-03
  5.5200E+00  1.5043E-03
  5.5250E+00  1.5050E-03
  5.5300E+00  1.5057E-03
  5.5350E+00  1.5065E-03
  5.5400E+00  1.5073E-03
  5.5450E+00  1.5083E-03
  5.5500E+00  1.5094E-03
  5.5550E+00  1.5105E-03
  5.5600E+00  1.5116E-03
  5.5650E+00  1.5126E-03
  5.5700E+00  1.5134E-03
  5.5750E+00  1.5142E-03
  5.5800E+00  1.5149E-03
  5.5850E+00  1.5155E-03
  5.5900E+00  1.5161E-03
  5.5950E+00  1.5167E-03
  5.6000E+00  1.5172E-03
  5.6050E+00  1.5176E-03
  5.6100E+00  1.5181E-03
  5.6150E+00  1.5185E-03
  5.6200E+00  1.5189E-03
  5.6250E+00  1.5192E-03
  5.6300E+00  1.5195E-03
  5.6350E+00  1.5199E-03
  5.6400E+00  1.5202E-03
  5.6450E+00  1.5205E-03
  5.6500E+00  1.5208E-03
  5.6550E+00  1.5212E-03
  5.6600E+00  1.5216E-03
  5.6650E+00  1.5220E-03
  5.6700E+00  1.5225E-03
  5.6750E+00  1.5230E-03
  5.6800E+00  1.5235E-03
  5.6850E+00  1.5241E-03
  5.6900E+00  1.5247E-03
  5.6950E+00  1.5254E-03
  5.7000E+00  1.5262E-03
  5.7050E+00  1.5270E-03
  5.7100E+00  1.5280E-03
  5.7150E+00  1.5290E-03
  5.7200E+00  1.5302E-03
  5.7250E+00  1.5313E-03
  5.7300E+00  1.5323E-03
  5.7350E+00  1.5331E-03
  5.7400E+00  1.5339E-03
  5.7450E+00  1.5347E-03
  5.7500E+00  1.5353E-03
  5.7550E+00  1.5359E-03
  5.7600E+00  1.5365E-03
  5.7650E+00  1.5370E-03
  5.7700E+00  1.5375E-03
  5.7750E+00  1.5379E-03
  5.7800E+00  1.5383E-03
  5.7850E+00  1.5387E-03
  5.7900E+00  1.5390E-03
  5.7950E+00  1.5394E-03
  5.8000E+00  1.5397E-03
  5.8050E+00  1.5400E-03
  5.8100E+00  1.5403E-03
  5.8150E+00  1.5406E-03
  5.8200E+00  1.5410E-03
  5.8250E+00  1.5413E-03
  5.8300E+00  1.5417E-03
  5.8350E+00  1.5422E-03
  5.8400E+00  1.5426E-03
  5.8450E+00  1.5431E-03
  5.8500E+00  1.5436E-03
  5.8550E+00  1.5442E-03
  5.8600E+00  1.5448E-03
  5.8650E+00  1.5455E-03
  5.8700E+00  1.5462E-03
  5.8750E+00  1.5470E-03
  5.8800E+00  1.5479E-03
  5.8850E+00  1.5489E-03
  5.8900E+00  1.5500E-03
  5.8950E+00  1.5511E-03
  5.9000E+00  1.5521E-03
  5.9050E+00  1.5530E-03
  5.9100E+00  1.5538E-03
  5.9150E+00  1.5545E-03
  5.9200E+00  1.5552E-03
  5.9250E+00  1.5558E-03
  5.9300E+00  1.5563E-03
  5.9350E+00  1.5569E-03
  5.9400E+00  1.5573E-03
  5.9450E+00  1.5578E-03
  5.9500E+00  1.5582E-03
  5.9550E+00  1.5586E-03
  5.9600E+00  1.5589E-03
  5.9650E+00  1.5593E-03
  5.9700E+00  1.5596E-03
  5.9750E+00  1.5599E-03
  5.9800E+00  1.5602E-03
  5.9850E+00  1.5605E-03
  5.9900E+00  1.5608E-03
  5.9950E+00  1.5612E-03
  6.0000E+00  1.5616E-03
  6.0050E+00  1.5620E-03
  6.0100E+00  1.5624E-03
  6.0150E+00  1.5629E-03
  6.0200E+00  1.5634E-03
  6.0250E+00  1.5640E-03
  6.0300E+00  1.5646E-03
  6.0350E+00  1.5653E-03
  6.0400E+00  1.5660E-03
  6.0450E+00  1.5668E-03
  6.0500E+00  1.5677E-03
  6.0550E+00  1.5686E-03
  6.0600E+00  1.5697E-03
  6.0650E+00  1.5708E-03
  6.0700E+00  1.5718E-03
  6.0750E+00  1.5727E-03
  6.0800E+00  1.5735E-03
  6.0850E+00  1.5743E-03
  6.0900E+00  1.5750E-03
  6.0950E+00  1.5756E-03
  6.1000E+00  1.5761E-03
  6.1050E+00  1.5767E-03
  6.1100E+00  1.5771E-03
  6.1150E+00  1.5776E-03
  6.1200E+00  1.5780E-03
  6.1250E+00  1.5784E-03
  6.1300E+00  1.5788E-03
  6.1350E+00  1.5791E-03
  6.1400E+00  1.5794E-03
  6.1450E+00  1.5798E-03
  6.1500E+00  1.5800E-03
  6.1550E+00  1.5804E-03
  6.1600E+00  1.5807E-03
  6.1650E+00  1.5810E-03
  6.1700E+00  1.5814E-03
  6.1750E+00  1.5818E-03
  6.1800E+00  1.5823E-03
  6.1850E+00  1.5827E-03
  6.1900E+00  1.5832E-03
  6.1950E+00  1.5838E-03
  6.2000E+00  1.5844E-03
  6.2050E+00  1.5850E-03
  6.2100E+00  1.5857E-03
  6.2150E+00  1.5865E-03
  6.2200E+00  1.5874E-03
  6.2250E+00  1.5884E-03
  6.2300E+00  1.5894E-03
  6.2350E+00  1.5906E-03
  6.2400E+00  1.5916E-03
  6.2450E+00  1.5925E-03
  6.2500E+00  1.5933E-03
  6.2550E+00  1.5941E-03
  6.2600E+00  1.5947E-03
  6.2650E+00  1.5954E-03
  6.2700E+00  1.5959E-03
  6.2750E+00  1.5965E-03
  6.2800E+00  1.5970E-03
  6.2850E+00  1.5974E-03
  6.2900E+00  1.5979E-03
  6.2950E+00  1.5983E-03
  6.3000E+00  1.5986E-03
  6.3050E+00  1.5990E-03
  6.3100E+00  1.5993E-03
  6.3150E+00  1.5996E-03
  6.3200E+00  1.5999E-03
  6.3250E+00  1.6002E-03
  6.3300E+00  1.6005E-03
  6.3350E+00  1.6008E-03
  6.3400E+00  1.6012E-03
  6.3450E+00  1.6016E-03
  6.3500E+00  1.6020E-03
  6.3550E+00  1.6024E-03
  6.3600E+00  1.6028E-03
  6.3650E+00  1.6033E-03
  6.3700E+00  1.6039E-03
  6.3750E+00  1.6045E-03
  6.3800E+00  1.6051E-03
  6.3850E+00  1.6058E-03
  6.3900E+00  1.6065E-03
  6.3950E+00  1.6074E-03
  6.4000E+00  1.6083E-03
  6.4050E+00  1.6093E-03
  6.4100E+00  1.6104E-03
  6.4150E+00  1.6114E-03
  6.4200E+00  1.6123E-03
  6.4250E+00  1.6132E-03
  6.4300E+00  1.6139E-03
  6.4350E+00  1.6146E-03
  6.4400E+00  1.6152E-03
  6.4450E+00  1.6158E-03
  6.4500E+00  1.6163E-03
  6.4550E+00  1.6168E-03
  6.4600E+00  1.6173E-03
  6.4650E+00  1.6177E-03
  6.4700E+00  1.6181E-03
  6.4750E+00  1.6185E-03
  6.4800E+00  1.6189E-03
  6.4850E+00  1.6192E-03
  6.4900E+00  1.6195E-03
  6.4950E+00  1.6198E-03
  6.5000E+00  1.6201E-03
  6.5050E+00  1.6204E-03
  6.5100E+00  1.6207E-03
  6.5150E+00  1.6211E-03
  6.5200E+00  1.6214E-03
  6.5250E+00  1.6218E-03
  6.5300E+00  1.6222E-03
  6.5350E+00  1.6227E-03
  6.5400E+00  1.6232E-03
  6.5450E+00  1.6237E-03
  6.5500E+00  1.6243E-03
  6.5550E+00  1.6249E-03
  6.5600E+00  1.6256E-03
  6.5650E+00  1.6263E-03
  6.5700E+00  1.6271E-03
  6.5750E+00  1.6280E-03
  6.5800E+00  1.6290E-03
  6.5850E+00  1.6301E-03
  6.5900E+00  1.6311E-03
  6.5950E+00  1.6321E-03
  6.6000E+00  1.6329E-03
  6.6050E+00  1.6337E-03
  6.6100E+00  1.6344E-03
  6.6150E+00  1.6350E-03
  6.6200E+00  1.6356E-03
  6.6250E+00  1.6362E-03
  6.6300E+00  1.6367E-03
  6.6350E+00  1.6371E-03
  6.6400E+00  1.6376E-03
  6.6450E+00  1.6380E-03
  6.6500E+00  1.6384E-03
  6.6550E+00  1.6387E-03
  6.6600E+00  1.6391E-03
  6.6650E+00  1.6394E-03
  6.6700E+00  1.6397E-03
  6.6750E+00  1.6400E-03
  6.6800E+00  1.6402E-03
  6.6850E+00  1.6405E-03
  6.6900E+00  1.6408E-03
  6.6950E+00  1.6412E-03
  6.7000E+00  1.6415E-03
  6.7050E+00  1.6419E-03
  6.7100E+00  1.6423E-03
  6.7150E+00  1.6428E-03
  6.7200E+00  1.6433E-03
  6.7250E+00  1.6438E-03
  6.7300E+00  1.6443E-03
  6.7350E+00  1.6449E-03
  6.7400E+00  1.6456E-03
  6.7450E+00  1.6463E-03
  6.7500E+00  1.6470E-03
  6.7550E+00  1.6479E-03
  6.7600E+00  1.6488E-03
  6.7650E+00  1.6499E-03
  6.7700E+00  1.6509E-03
  6.7750E+00  1.6519E-03
  6.7800E+00  1.6527E-03
  6.7850E+00  1.6535E-03
  6.7900E+00  1.6542E-03
  6.7950E+00  1.6548E-03
  6.8000E+00  1.6554E-03
  6.8050E+00  1.6560E-03
  6.8100E+00  1.6565E-03
  6.8150E+00  1.6570E-03
  6.8200E+00  1.6574E-03
  6.8250E+00  1.6578E-03
  6.8300E+00  1.6582E-03
  6.8350E+00  1.6586E-03
  6.8400E+00  1.6589E-03
  6.8450E+00  1.6592E-03
  6.8500E+00  1.6595E-03
  6.8550E+00  1.6598E-03
  6.8600E+00  1.6601E-03
  6.8650E+00  1.6604E-03
  6.8700E+00  1.6607E-03
  6.8750E+00  1.6611E-03
  6.8800E+00  1.6614E-03
  6.8850E+00  1.6618E-03
  6.8900E+00  1.6622E-03
  6.8950E+00  1.6626E-03
  6.9000E+00  1.6631E-03
  6.9050E+00  1.6636E-03
  6.9100E+00  1.6642E-03
  6.9150E+00  1.6648E-03
  6.9200E+00  1.6654E-03
  6.9250E+00  1.6661E-03
  6.9300E+00  1.6669E-03
  6.9350E+00  1.6677E-03
  6.9400E+00  1.6686E-03
  6.9450E+00  1.6697E-03
  6.9500E+00  1.6707E-03
  6.9550E+00  1.6717E-03
  6.9600E+00  1.6725E-03
  6.9650E+00  1.6733E-03
  6.9700E+00  1.6740E-03
  6.9750E+00  1.6747E-03
  6.9800E+00  1.6753E-03
  6.9850E+00  1.6758E-03
  6.9900E+00  1.6764E-03
  6.9950E+00  1.6768E-03
  7.0000E+00  1.6773E-03
  7.0050E+00  1.6777E-03
  7.0100E+00  1.6781E-03
  7.0150E+00  1.6785E-03
  7.0200E+00  1.6788E-03
  7.0250E+00  1.6791E-03
  7.0300E+00  1.6794E-03
  7.0350E+00  1.6797E-03
  7.0400E+00  1.6800E-03
  7.0450E+00  1.6803E-03
  7.0500E+00  1.6806E-03
  7.0550E+00  1.6809E-03
  7.0600E+00  1.6812E-03
  7.0650E+00  1.6815E-03
  7.0700E+00  1.6819E-03
  7.0750E+00  1.6823E-03
  7.0800E+00  1.6827E-03
  7.0850E+00  1.6832E-03
  7.0900E+00  1.6837E-03
  7.0950E+00  1.6842E-03
  7.1000E+00  1.6848E-03
  7.1050E+00  1.6854E-03
  7.1100E+00  1.6861E-03
  7.1150E+00  1.6868E-03
  7.1200E+00  1.6876E-03
  7.1250E+00  1.6885E-03
  7.1300E+00  1.6894E-03
  7.1350E+00  1.6905E-03
  7.1400E+00  1.6914E-03
  7.1450E+00  1.6923E-03
  7.1500E+00  1.6931E-03
  7.1550E+00  1.6938E-03
  7.1600E+00  1.6945E-03
  7.1650E+00  1.6951E-03
  7.1700E+00  1.6957E-03
  7.1750E+00  1.6962E-03
  7.1800E+00  1.6967E-03
  7.1850E+00  1.6971E-03
  7.1900E+00  1.6975E-03
  7.1950E+00  1.6979E-03
  7.2000E+00  1.6983E-03
  7.2050E+00  1.6987E-03
  7.2100E+00  1.6990E-03
  7.2150E+00  1.6993E-03
  7.2200E+00  1.6996E-03
  7.2250E+00  1.6999E-03
  7.2300E+00  1.7001E-03
  7.2350E+00  1.7004E-03
  7.2400E+00  1.7007E-03
  7.2450E+00  1.7011E-03
  7.2500E+00  1.7014E-03
  7.2550E+00  1.7018E-03
  7.2600E+00  1.7022E-03
  7.2650E+00  1.7026E-03
  7.2700E+00  1.7030E-03
  7.2750E+00  1.7035E-03
  7.2800E+00  1.7040E-03
  7.2850E+00  1.7046E-03
  7.2900E+00  1.7052E-03
  7.2950E+00  1.7059E-03
  7.3000E+00  1.7066E-03
  7.3050E+00  1.7074E-03
  7.3100E+00  1.7082E-03
  7.3150E+00  1.7092E-03
  7.3200E+00  1.7102E-03
  7.3250E+00  1.7112E-03
  7.3300E+00  1.7121E-03
  7.3350E+00  1.7129E-03
  7.3400E+00  1.7136E-03
  7.3450E+00  1.7143E-03
  7.3500E+00  1.7149E-03
  7.3550E+00  1.7155E-03
  7.3600E+00  1.7160E-03
  7.3650E+00  1.7165E-03
  7.3700E+00  1.7170E-03
  7.3750E+00  1.7174E-03
  7.3800E+00  1.7178E-03
  7.3850E+00  1.7182E-03
  7.3900E+00  1.7185E-03
  7.3950E+00  1.7189E-03
  7.4000E+00  1.7192E-03
  7.4050E+00  1.7195E-03
  7.4100E+00  1.7198E-03
  7.4150E+00  1.7200E-03
  7.4200E+00  1.7203E-03
  7.4250E+00  1.7206E-03
  7.4300E+00  1.7209E-03
  7.4350E+00  1.7213E-03
  7.4400E+00  1.7216E-03
  7.4450E+00  1.7220E-03
  7.4500E+00  1.7224E-03
  7.4550E+00  1.7229E-03
  7.4600E+00  1.7234E-03
  7.4650E+00  1.7239E-03
  7.4700E+00  1.7244E-03
  7.4750E+00  1.7250E-03
  7.4800E+00  1.7257E-03
  7.4850E+00  1.7264E-03
  7.4900E+00  1.7272E-03
  7.4950E+00  1.7280E-03
  7.5000E+00  1.7290E-03
  7.5050E+00  1.7300E-03
  7.5100E+00  1.7310E-03
  7.5150E+00  1.7319E-03
  7.5200E+00  1.7327E-03
  7.5250E+00  1.7335E-03
  7.5300E+00  1.7341E-03
  7.5350E+00  1.7348E-03
  7.5400E+00  1.7353E-03
  7.5450E+00  1.7359E-03
  7.5500E+00  1.7364E-03
  7.5550E+00  1.7368E-03
  7.5600E+00  1.7373E-03
  7.5650E+00  1.7377E-03
  7.5700E+00  1.7380E-03
  7.5750E+00  1.7384E-03
  7.5800E+00  1.7387E-03
  7.5850E+00  1.7391E-03
  7.5900E+00  1.7394E-03
  7.5950E+00  1.7396E-03
  7.6000E+00  1.7399E-03
  7.6050E+00  1.7402E-03
  7.6100E+00  1.7405E-03
  7.6150E+00  1.7408E-03
  7.6200E+00  1.7411E-03
  7.6250E+00  1.7414E-03
  7.6300E+00  1.7418E-03
  7.6350E+00  1.7421E-03
  7.6400E+00  1.7425E-03
  7.6450E+00  1.7430E-03
  7.6500E+00  1.7434E-03
  7.6550E+00  1.7439E-03
  7.6600E+00  1.7445E-03
  7.6650E+00  1.7451E-03
  7.6700E+00  1.7457E-03
  7.6750E+00  1.7464E-03
  7.6800E+00  1.7471E-03
  7.6850E+00  1.7479E-03
  7.6900E+00  1.7488E-03
  7.6950E+00  1.7498E-03
  7.7000E+00  1.7508E-03
  7.7050E+00  1.7517E-03
  7.7100E+00  1.7525E-03
  7.7150E+00  1.7533E-03
  7.7200E+00  1.7540E-03
  7.7250E+00  1.7546E-03
  7.7300E+00  1.7552E-03
  7.7350E+00  1.7557E-03
  7.7400E+00  1.7562E-03
  7.7450E+00  1.7567E-03
  7.7500E+00  1.7571E-03
  7.7550E+00  1.7575E-03
  7.7600E+00  1.7579E-03
  7.7650E+00  1.7583E-03
  7.7700E+00  1.7586E-03
  7.7750E+00  1.7589E-03
  7.7800E+00  1.7592E-03
  7.7850E+00  1.7595E-03
  7.7900E+00  1.7598E-03
  7.7950E+00  1.7601E-03
  7.8000E+00  1.7603E-03
  7.8050E+00  1.7606E-03
  7.8100E+00  1.7609E-03
  7.8150E+00  1.7613E-03
  7.8200E+00  1.7616E-03
  7.8250E+00  1.7620E-03
  7.8300E+00  1.7624E-03
  7.8350E+00  1.7628E-03
  7.8400E+00  1.7633E-03
  7.8450E+00  1.7638E-03
  7.8500E+00  1.7643E-03
  7.8550E+00  1.7649E-03
  7.8600E+00  1.7655E-03
  7.8650E+00  1.7661E-03
  7.8700E+00  1.7669E-03
  7.8750E+00  1.7677E-03
  7.8800E+00  1.7686E-03
  7.8850E+00  1.7695E-03
  7.8900E+00  1.7705E-03
  7.8950E+00  1.7715E-03
  7.9000E+00  1.7723E-03
  7.9050E+00  1.7731E-03
  7.9100E+00  1.7738E-03
  7.9150E+00  1.7744E-03
  7.9200E+00  1.7750E-03
  7.9250E+00  1.7755E-03
  7.9300E+00  1.7760E-03
  7.9350E+00  1.7765E-03
  7.9400E+00  1.7770E-03
  7.9450E+00  1.7774E-03
  7.9500E+00  1.7778E-03
  7.9550E+00  1.7781E-03
  7.9600E+00  1.7785E-03
  7.9650E+00  1.7788E-03
  7.9700E+00  1.7791E-03
  7.9750E+00  1.7794E-03
  7.9800E+00  1.7797E-03
  7.9850E+00  1.7799E-03
  7.9900E+00  1.7802E-03
  7.9950E+00  1.7805E-03
  8.0000E+00  1.7808E-03
  8.0050E+00  1.7811E-03
  8.0100E+00  1.7814E-03
  8.0150E+00  1.7817E-03
  8.0200E+00  1.7821E-03
  8.0250E+00  1.7825E-03
  8.0300E+00  1.7829E-03
  8.0350E+00  1.7834E-03
  8.0400E+00  1.7838E-03
  8.0450E+00  1.7844E-03
  8.0500E+00  1.7849E-03
  8.0550E+00  1.7855E-03
  8.0600E+00  1.7862E-03
  8.0650E+00  1.7869E-03
  8.0700E+00  1.7876E-03
  8.0750E+00  1.7885E-03
  8.0800E+00  1.7894E-03
  8.0850E+00  1.7904E-03
  8.0900E+00  1.7913E-03
  8.0950E+00  1.7922E-03
  8.1000E+00  1.7929E-03
  8.1050E+00  1.7936E-03
  8.1100E+00  1.7943E-03
  8.1150E+00  1.7949E-03
  8.1200E+00  1.7954E-03
  8.1250E+00  1.7959E-03
  8.1300E+00  1.7964E-03
  8.1350E+00  1.7968E-03
  8.1400E+00  1.7973E-03
  8.1450E+00  1.7977E-03
  8.1500E+00  1.7980E-03
  8.1550E+00  1.7984E-03
  8.1600E+00  1.7987E-03
  8.1650E+00  1.7990E-03
  8.1700E+00  1.7993E-03
  8.1750E+00  1.7996E-03
  8.1800E+00  1.7998E-03
  8.1850E+00  1.8001E-03
  8.1900E+00  1.8004E-03
  8.1950E+00  1.8007E-03
  8.2000E+00  1.8010E-03
  8.2050E+00  1.8013E-03
  8.2100E+00  1.8016E-03
  8.2150E+00  1.8020E-03
  8.2200E+00  1.8024E-03
  8.2250E+00  1.8028E-03
  8.2300E+00  1.8032E-03
  8.2350E+00  1.8037E-03
  8.2400E+00  1.8042E-03
  8.2450E+00  1.8047E-03
  8.2500E+00  1.8053E-03
  8.2550E+00  1.8060E-03
  8.2600E+00  1.8067E-03
  8.2650E+00  1.8074E-03
  8.2700E+00  1.8082E-03
  8.2750E+00  1.8091E-03
  8.2800E+00  1.8101E-03
  8.2850E+00  1.8111E-03
  8.2900E+00  1.8119E-03
  8.2950E+00  1.8127E-03
  8.3000E+00  1.8134E-03
  8.3050E+00  1.8141E-03
  8.3100E+00  1.8147E-03
  8.3150E+00  1.8152E-03
  8.3200E+00  1.8157E-03
  8.3250E+00  1.8162E-03
  8.3300E+00  1.8167E-03
  8.3350E+00  1.8171E-03
  8.3400E+00  1.8175E-03
  8.3450E+00  1.8179E-03
  8.3500E+00  1.8182E-03
  8.3550E+00  1.8186E-03
  8.3600E+00  1.8189E-03
  8.3650E+00  1.8192E-03
  8.3700E+00  1.8195E-03
  8.3750E+00  1.8197E-03
  8.3800E+00  1.8200E-03
  8.3850E+00  1.8202E-03
  8.3900E+00  1.8205E-03
  8.3950E+00  1.8208E-03
  8.4000E+00  1.8211E-03
  8.4050E+00  1.8214E-03
  8.4100E+00  1.8217E-03
  8.4150E+00  1.8221E-03
  8.4200E+00  1.8225E-03
  8.4250E+00  1.8229E-03
  8.4300E+00  1.8233E-03
  8.4350E+00  1.8237E-03
  8.4400E+00  1.8242E-03
  8.4450E+00  1.8248E-03
  8.4500E+00  1.8253E-03
  8.4550E+00  1.8259E-03
  8.4600E+00  1.8266E-03
  8.4650E+00  1.8273E-03
  8.4700E+00  1.8281E-03
  8.4750E+00  1.8290E-03
  8.4800E+00  1.8299E-03
  8.4850E+00  1.8309E-03
  8.4900E+00  1.8317E-03
  8.4950E+00  1.8325E-03
  8.5000E+00  1.8332E-03
  8.5050E+00  1.8339E-03
  8.5100E+00  1.8345E-03
  8.5150E+00  1.8351E-03
  8.5200E+00  1.8356E-03
  8.5250E+00  1.8361E-03
  8.5300E+00  1.8365E-03
  8.5350E+00  1.8370E-03
  8.5400E+00  1.8374E-03
  8.5450E+00  1.8377E-03
  8.5500E+00  1.8381E-03
  8.5550E+00  1.8384E-03
  8.5600E+00  1.8388E-03
  8.5650E+00  1.8391E-03
  8.5700E+00  1.8393E-03
  8.5750E+00  1.8396E-03
  8.5800E+00  1.8399E-03
  8.5850E+00  1.8401E-03
  8.5900E+00  1.8404E-03
  8.5950E+00  1.8407E-03
  8.6000E+00  1.8410E-03
  8.6050E+00  1.8413E-03
  8.6100E+00  1.8416E-03
  8.6150E+00  1.8420E-03
  8.6200E+00  1.8423E-03
  8.6250E+00  1.8427E-03
  8.6300E+00  1.8431E-03
  8.6350E+00  1.8436E-03
  8.6400E+00  1.8441E-03
  8.6450E+00  1.8446E-03
  8.6500E+00  1.8452E-03
  8.6550E+00  1.8458E-03
  8.6600E+00  1.8464E-03
  8.6650E+00  1.8472E-03
  8.6700E+00  1.8479E-03
  8.6750E+00  1.8488E-03
  8.6800E+00  1.8497E-03
  8.6850E+00  1.8507E-03
  8.6900E+00  1.8516E-03
  8.6950E+00  1.8523E-03
  8.7000E+00  1.8531E-03
  8.7050E+00  1.8537E-03
  8.7100E+00  1.8544E-03
  8.7150E+00  1.8549E-03
  8.7200E+00  1.8555E-03
  8.7250E+00  1.8559E-03
  8.7300E+00  1.8564E-03
  8.7350E+00  1.8568E-03
  8.7400E+00  1.8572E-03
  8.7450E+00  1.8576E-03
  8.7500E+00  1.8580E-03
  8.7550E+00  1.8583E-03
  8.7600E+00  1.8586E-03
  8.7650E+00  1.8589E-03
  8.7700E+00  1.8592E-03
  8.7750E+00  1.8595E-03
  8.7800E+00  1.8598E-03
  8.7850E+00  1.8600E-03
  8.7900E+00  1.8603E-03
  8.7950E+00  1.8605E-03
  8.8000E+00  1.8608E-03
  8.8050E+00  1.8611E-03
  8.8100E+00  1.8615E-03
  8.8150E+00  1.8618E-03
  8.8200E+00  1.8622E-03
  8.8250E+00  1.8626E-03
  8.8300E+00  1.8630E-03
  8.8350E+00  1.8634E-03
  8.8400E+00  1.8639E-03
  8.8450E+00  1.8644E-03
  8.8500E+00  1.8650E-03
  8.8550E+00  1.8656E-03
  8.8600E+00  1.8662E-03
  8.8650E+00  1.8669E-03
  8.8700E+00  1.8677E-03
  8.8750E+00  1.8685E-03
  8.8800E+00  1.8695E-03
  8.8850E+00  1.8704E-03
  8.8900E+00  1.8713E-03
  8.8950E+00  1.8721E-03
  8.9000E+00  1.8729E-03
  8.9050E+00  1.8735E-03
  8.9100E+00  1.8742E-03
  8.9150E+00  1.8747E-03
  8.9200E+00  1.8753E-03
  8.9250E+00  1.8758E-03
  8.9300E+00  1.8762E-03
  8.9350E+00  1.8767E-03
  8.9400E+00  1.8771E-03
  8.9450E+00  1.8775E-03
  8.9500E+00  1.8778E-03
  8.9550E+00  1.8782E-03
  8.9600E+00  1.8785E-03
  8.9650E+00  1.8788E-03
  8.9700E+00  1.8791E-03
  8.9750E+00  1.8794E-03
  8.9800E+00  1.8796E-03
  8.9850E+00  1.8799E-03
  8.9900E+00  1.8801E-03
  8.9950E+00  1.8804E-03
  9.0000E+00  1.8807E-03
